101.3 36.0 103.566549
101.4 36.0 79.363636
101.4 36.1 118.000000
101.4 37.4 87.200000
101.5 36.0 81.500000
101.5 36.1 77.000000
101.5 37.4 81.200000
101.6 37.3 75.500000
101.7 32.9 38.200000
102.0 36.5 48.000000
102.7 33.4 94.700000
102.7 33.5 94.700000
102.7 36.9 37.500000
102.9 36.4 81.871429
103.0 36.6 56.400000
103.0 36.7 61.600000
103.3 38.6 29.300000
103.4 36.0 46.900000
103.5 37.5 41.900000
103.7 36.1 78.600000
103.8 36.1 72.250000
104.6 35.5 74.700000
104.6 35.6 65.300000
104.7 36.7 63.300000
104.8 36.1 78.700000
105.1 34.1 60.400000
105.1 36.5 63.350000
105.3 32.1 56.300000
105.3 36.6 51.500000
105.4 32.1 56.300000
105.4 33.9 52.633333
105.4 35.9 81.200000
105.7 33.9 66.700000
105.7 35.8 64.950000
105.7 36.1 105.800000
105.7 38.0 71.200000
105.8 35.8 65.300000
105.9 34.5 84.775000
105.9 36.6 41.900000
106.1 32.1 54.000000
106.1 37.2 69.100000
106.2 36.5 43.100000
106.3 32.2 57.000000
106.3 38.7 27.600000
106.4 32.1 50.300000
106.4 41.6 69.400000
106.5 41.6 72.233333
106.5 41.7 72.100000
106.5 41.9 68.700000
106.6 35.2 42.733333
106.6 38.2 64.000000
106.6 41.6 72.366667
106.6 41.7 75.700000
106.7 35.4 65.666667
106.7 37.4 54.900000
106.8 37.7 54.600000
106.8 37.9 60.200000
106.8 38.5 56.250000
106.8 39.3 84.200000
106.9 35.2 50.700000
106.9 37.4 59.400000
107.0 35.1 42.700000
107.0 35.2 44.500000
107.0 38.0 41.000000
107.0 38.6 55.900000
107.1 32.1 55.600000
107.1 35.1 65.800000
107.1 35.7 54.800000
107.1 38.0 43.100000
107.2 32.1 46.250000
107.2 32.2 58.800000
107.2 36.8 43.500000
107.2 37.5 59.500000
107.2 38.0 56.200000
107.2 38.1 55.900000
107.3 35.5 55.600000
107.3 37.3 42.700000
107.4 37.3 42.700000
107.5 36.1 63.400000
107.5 36.3 46.500000
107.5 37.1 58.200000
107.5 37.3 56.000000
107.5 37.5 36.000000
107.6 35.7 77.000000
107.6 37.4 60.600000
107.6 37.6 42.750000
107.7 35.7 46.100000
107.7 35.8 46.100000
107.7 36.2 68.650000
107.9 36.1 72.400000
107.9 36.2 62.400000
107.9 36.3 62.400000
108.0 36.2 82.500000
108.0 36.4 91.300000
108.0 36.5 62.550000
108.0 39.1 35.200000
108.2 34.2 69.000000
108.2 34.3 77.000000
108.2 34.9 58.900000
108.2 35.9 61.100000
108.2 36.3 64.500000
108.4 36.6 66.800000
108.4 37.5 67.200000
108.5 34.1 67.400000
108.5 34.2 71.600000
108.5 39.9 67.400000
108.6 34.3 72.030000
108.6 35.7 81.900000
108.7 34.1 77.500000
108.7 34.3 72.340000
108.7 34.4 71.071429
108.8 35.1 66.400000
108.8 35.7 88.700000
108.9 34.1 75.600000
108.9 34.3 69.650000
108.9 34.4 70.950000
108.9 35.1 66.300000
108.9 38.0 65.600000
109.0 34.2 71.100000
109.0 34.6 67.200000
109.0 36.4 70.800000
109.0 37.1 62.000000
109.0 37.3 65.400000
109.2 34.4 97.700000
109.2 35.9 79.200000
109.2 36.8 65.500000
109.2 36.9 66.500000
109.3 34.4 74.000000
109.4 34.5 64.600000
109.4 36.5 65.200000
109.4 37.1 70.300000
109.5 34.5 64.500000
109.5 37.6 65.400000
109.5 39.7 62.300000
109.7 35.9 72.600000
109.7 37.6 68.100000
109.8 35.8 72.400000
109.8 36.3 74.700000
109.9 38.0 68.400000
110.0 37.0 67.400000
110.2 37.7 68.000000
110.2 38.2 68.400000
110.4 35.5 73.750000
110.4 37.7 68.800000
110.5 36.1 74.500000
110.6 36.1 69.200000
110.7 37.1 69.800000
110.8 37.5 62.800000
110.8 37.6 64.900000
110.9 35.0 76.200000
111.0 35.0 76.200000
111.0 36.5 67.400000
111.5 36.0 45.600000
111.7 36.6 75.400000
112.1 32.6 57.700000
112.1 32.7 65.600000
112.2 36.0 66.750000
112.2 36.8 45.500000
112.3 32.5 63.000000
112.3 32.7 47.200000
112.3 36.0 66.700000
112.3 36.7 66.850000
112.3 37.7 79.100000
112.5 32.5 66.700000
112.5 32.6 58.733333
112.5 32.7 81.300000
112.5 36.6 48.700000
112.6 32.5 55.700000
112.6 32.6 60.300000
112.6 32.7 81.300000
112.6 33.8 62.500000
112.6 35.6 62.000000
112.6 35.7 69.100000
112.6 35.8 73.100000
112.6 36.6 48.700000
112.7 35.8 74.700000
112.7 35.9 93.100000
112.8 32.1 44.900000
112.8 34.4 38.900000
112.8 34.6 26.400000
112.8 39.0 49.400000
112.9 32.6 54.350000
112.9 34.6 60.700000
113.0 32.6 61.250000
113.0 33.3 39.200000
113.0 34.1 47.300000
113.1 32.5 59.700000
113.1 32.6 52.633333
113.1 33.9 48.900000
113.1 37.3 55.800000
113.1 37.9 101.800000
113.2 32.2 44.850000
113.2 32.6 50.000000
113.2 33.6 31.550000
113.2 33.8 65.575000
113.2 34.1 59.900000
113.2 37.8 52.900000
113.2 37.9 53.800000
113.3 33.8 47.600000
113.3 34.7 31.000000
113.3 37.9 53.800000
113.4 33.6 40.400000
113.4 33.7 64.100000
113.4 33.8 73.400000
113.4 33.9 71.600000
113.4 34.1 53.200000
113.4 34.9 83.300000
113.5 33.6 40.075000
113.5 33.8 53.050000
113.6 33.0 81.300000
113.6 33.5 37.200000
113.6 34.4 71.200000
113.7 32.8 49.000000
113.7 33.8 47.950000
113.7 33.9 47.300000
113.8 32.9 49.000000
113.8 33.7 31.400000
113.9 33.7 38.933333
114.1 34.9 51.700000
114.2 35.9 49.800000
114.2 37.0 46.900000
114.3 33.9 52.300000
114.5 39.9 59.000000
114.7 37.6 55.400000
114.8 37.8 55.400000
114.8 38.1 57.500000
114.9 35.1 64.500000
114.9 40.7 55.000000
115.1 40.6 46.000000
115.2 33.6 89.600000
115.2 33.9 48.600000
115.2 36.5 71.400000
115.2 37.8 55.100000
115.2 38.1 53.100000
115.2 40.5 53.666667
115.2 40.6 46.000000
115.3 33.6 89.600000
115.3 33.7 79.500000
115.3 35.4 84.600000
115.3 38.0 50.400000
115.3 38.1 51.100000
115.3 38.3 56.400000
115.3 40.5 60.500000
115.4 33.2 62.700000
115.4 39.2 26.200000
115.4 40.2 30.000000
115.5 35.8 83.300000
115.5 37.9 55.700000
115.5 38.0 50.600000
115.5 38.1 77.000000
115.5 40.7 39.200000
115.6 32.9 50.900000
115.6 37.9 66.100000
115.6 38.1 56.450000
115.6 38.5 63.800000
115.7 36.6 68.800000
115.7 37.9 62.900000
115.7 38.0 55.900000
115.7 38.6 75.400000
115.7 38.7 69.250000
115.8 33.8 49.700000
115.8 33.9 45.200000
115.8 37.9 53.100000
115.8 38.0 55.200000
115.8 38.1 54.200000
115.8 38.2 55.300000
115.8 38.4 56.000000
115.8 38.5 62.200000
115.8 38.6 60.733333
115.8 38.8 64.100000
115.8 38.9 57.200000
115.8 40.5 47.950000
115.8 40.9 35.000000
115.9 33.5 70.300000
115.9 38.0 53.000000
115.9 38.1 55.700000
115.9 38.3 59.300000
115.9 38.4 53.300000
115.9 38.5 53.200000
115.9 38.6 53.766667
115.9 38.7 53.300000
115.9 38.8 62.800000
115.9 38.9 56.600000
115.9 39.0 67.960000
115.9 39.1 54.010000
115.9 39.7 31.000000
115.9 40.2 31.000000
115.9 40.4 67.666667
115.9 40.5 67.333333
116.0 32.3 85.350000
116.0 38.1 72.200000
116.0 38.3 57.750000
116.0 38.6 64.633333
116.0 38.7 56.200000
116.0 38.8 58.540000
116.0 39.7 31.000000
116.0 40.2 31.000000
116.0 40.4 71.440000
116.0 40.5 68.150000
116.1 32.9 59.200000
116.1 33.5 61.900000
116.1 38.2 70.800000
116.1 38.3 74.250000
116.1 38.4 58.050000
116.1 38.5 57.275000
116.1 38.6 57.100000
116.1 38.7 63.125000
116.1 38.8 53.750000
116.1 38.9 93.400000
116.1 39.0 99.575714
116.1 40.2 58.133333
116.2 32.9 59.300000
116.2 33.6 58.300000
116.2 38.2 74.100000
116.2 38.5 67.500000
116.2 38.6 65.866667
116.2 38.9 52.300000
116.2 39.1 64.566667
116.2 40.2 63.925000
116.2 40.4 56.750000
116.3 32.8 70.400000
116.3 33.5 57.026667
116.3 33.6 56.400000
116.3 38.6 64.500000
116.3 38.7 62.600000
116.3 38.9 54.300000
116.3 39.2 108.475000
116.3 39.4 49.100000
116.3 39.7 51.000000
116.3 40.1 76.516667
116.3 40.2 53.425000
116.3 40.4 53.760000
116.4 32.8 54.050000
116.4 32.9 64.500000
116.4 33.6 50.500000
116.4 38.8 60.600000
116.4 38.9 57.400000
116.4 39.0 53.600000
116.4 39.6 51.900000
116.4 39.9 79.050000
116.4 40.1 80.566667
116.4 40.2 83.500000
116.5 32.8 66.000000
116.5 33.5 50.300000
116.5 33.7 56.100000
116.5 33.8 73.300000
116.5 34.5 43.900000
116.5 37.4 65.700000
116.5 38.9 56.100000
116.5 39.1 53.400000
116.5 39.2 66.000000
116.5 39.3 56.900000
116.5 39.9 73.583333
116.6 32.7 76.450000
116.6 32.8 71.600000
116.6 33.6 57.997500
116.6 33.7 47.886667
116.6 33.9 74.100000
116.6 34.2 52.800000
116.6 39.1 58.800000
116.6 39.4 49.300000
116.7 32.9 67.400000
116.7 33.4 61.353333
116.7 33.6 54.600000
116.7 33.7 55.225000
116.7 33.9 38.033333
116.7 34.0 48.900000
116.7 39.0 66.600000
116.7 39.5 48.700000
116.7 39.6 52.600000
116.7 40.1 45.200000
116.8 32.8 72.400000
116.8 32.9 68.450000
116.8 33.4 59.380000
116.8 33.5 64.180000
116.8 33.6 60.366667
116.8 33.9 35.400000
116.8 37.1 52.900000
116.8 39.1 68.400000
116.8 39.3 57.000000
116.9 32.6 31.900000
116.9 32.7 52.500000
116.9 32.8 66.600000
116.9 33.5 42.650000
116.9 33.6 49.400000
116.9 33.7 48.100000
116.9 36.7 87.800000
116.9 39.1 69.600000
117.0 33.6 60.600000
117.0 40.5 40.000000
