109.23 34.37 98.00
105.90 34.48 93.00
115.50 35.78 92.00
115.87 39.02 90.00
115.25 33.65 90.00
115.99 32.29 87.00
105.90 34.48 85.00
115.30 35.40 85.00
110.38 35.50 84.00
115.96 32.30 84.00
102.87 36.42 84.00
113.43 34.88 83.00
102.90 36.38 83.00
102.90 36.37 83.00
108.97 34.22 82.00
113.58 33.05 81.00
107.11 35.07 81.00
102.93 36.38 81.00
102.91 36.37 81.00
105.90 34.48 80.00
115.28 33.68 80.00
112.28 37.70 79.00
103.75 36.12 79.00
107.02 34.78 78.00
108.69 34.06 78.00
102.91 36.39 77.00
115.93 40.35 77.00
115.93 40.45 77.00
110.95 35.02 76.00
102.90 36.37 76.00
102.87 36.43 76.00
113.45 33.78 76.00
113.38 33.78 76.00
108.89 34.11 76.00
111.72 36.62 75.00
104.58 35.55 75.00
113.20 33.78 75.00
115.48 35.78 75.00
110.52 36.08 75.00
112.97 32.63 74.00
113.20 33.78 74.00
113.43 33.77 74.00
113.38 33.78 74.00
104.70 36.70 73.00
113.20 33.78 73.00
107.87 36.10 72.00
113.20 33.78 72.00
113.38 33.78 72.00
113.42 33.93 72.00
108.50 34.16 72.00
113.20 33.78 72.00
108.70 34.34 71.00
113.65 34.43 71.00
105.70 33.93 71.00
113.43 33.75 71.00
110.67 37.09 70.00
110.55 36.08 69.00
108.20 34.16 69.00
106.67 35.40 69.00
106.65 35.40 69.00
110.36 37.66 69.00
112.23 36.03 69.00
113.13 32.56 69.00
109.89 38.01 68.00
110.18 38.24 68.00
109.66 37.55 68.00
110.16 37.75 68.00
108.50 39.89 67.00
108.50 34.15 67.00
110.00 36.95 67.00
110.97 36.47 67.00
105.72 33.92 67.00
112.50 32.50 67.00
109.48 34.47 67.00
109.16 36.91 67.00
108.81 35.10 66.00
108.88 35.14 66.00
109.40 37.06 66.00
112.49 32.60 66.00
107.10 35.07 66.00
112.64 32.60 66.00
113.20 32.60 66.00
108.89 38.00 66.00
109.20 36.81 66.00
109.03 37.25 65.00
109.41 36.45 65.00
110.80 37.63 65.00
112.30 36.03 65.00
112.30 36.03 65.00
105.74 35.80 65.00
109.39 34.51 65.00
114.88 35.07 65.00
113.70 33.80 64.00
103.75 36.08 64.00
106.61 38.24 64.00
108.93 34.30 64.00
104.59 35.55 64.00
107.55 36.06 63.00
110.37 35.48 63.00
107.68 36.22 63.00
110.78 37.53 63.00
112.64 33.77 63.00
109.49 34.54 63.00
107.93 36.21 62.00
109.50 39.73 62.00
108.02 36.48 62.00
105.70 33.93 62.00
112.52 32.58 62.00
103.02 36.65 62.00
114.52 39.89 61.00
115.27 40.49 61.00
113.21 32.62 61.00
112.95 34.60 61.00
105.10 34.15 61.00
115.25 40.47 60.00
113.22 34.12 60.00
113.13 32.55 60.00
113.01 32.59 60.00
106.92 37.38 59.00
106.66 35.40 59.00
112.98 32.58 59.00
108.21 34.92 59.00
105.10 36.50 59.00
107.50 37.07 58.00
106.80 38.48 58.00
113.41 33.72 57.00
105.40 33.87 57.00
114.51 39.92 57.00
114.08 34.88 57.00
113.21 33.81 56.00
107.16 37.98 56.00
107.50 37.27 56.00
115.17 40.54 56.00
106.98 38.63 56.00
107.25 38.07 56.00
112.57 32.52 56.00
107.31 35.53 56.00
106.80 38.48 55.00
114.88 40.71 55.00
112.59 32.61 55.00
106.67 37.41 55.00
107.14 35.71 55.00
106.84 37.66 55.00
112.94 32.62 54.00
105.35 32.07 54.00
112.94 32.61 54.00
115.17 40.54 54.00
113.19 33.83 54.00
113.40 34.06 53.00
105.40 33.87 53.00
113.01 32.59 52.00
114.33 33.92 52.00
103.02 36.65 52.00
115.16 40.55 51.00
106.91 35.25 51.00
107.62 37.57 51.00
106.43 32.10 50.00
113.19 32.55 50.00
113.18 32.58 50.00
114.24 35.93 50.00
113.18 33.83 50.00
112.80 38.95 49.00
113.15 32.57 49.00
113.16 32.57 49.00
113.65 32.83 49.00
113.83 32.93 49.00
113.14 33.85 49.00
115.20 33.92 49.00
113.32 33.80 48.00
112.49 32.60 48.00
113.28 33.79 48.00
113.45 33.77 48.00
113.68 33.85 47.00
112.96 34.10 47.00
103.40 35.97 47.00
114.22 36.95 47.00
114.08 34.88 47.00
113.34 33.79 46.00
115.16 40.56 46.00
115.14 40.57 46.00
111.47 36.03 46.00
113.15 32.25 45.00
112.76 32.08 45.00
113.48 33.75 45.00
113.15 32.25 45.00
113.55 36.58 45.00
106.98 35.17 45.00
113.16 32.56 44.00
113.48 33.76 44.00
113.16 32.56 44.00
106.59 35.18 43.00
106.61 35.24 43.00
107.15 32.15 43.00
113.46 33.55 42.00
113.46 33.60 42.00
106.64 35.24 42.00
113.42 33.58 40.00
113.14 32.57 40.00
113.90 33.73 40.00
113.88 33.71 40.00
115.50 40.68 39.00
113.00 33.28 39.00
113.46 33.55 39.00
115.50 40.68 39.00
112.82 34.42 39.00
113.48 33.61 38.00
102.67 36.92 38.00
113.60 33.53 37.00
113.17 32.58 37.00
103.40 35.97 37.00
113.87 33.69 37.00
115.83 40.91 35.00
107.58 37.58 35.00
115.43 40.20 34.00
115.43 40.20 34.00
113.23 33.65 32.00
113.75 33.82 32.00
113.82 33.74 31.00
113.24 33.65 31.00
113.35 34.67 31.00
115.95 39.73 31.00
115.95 39.73 31.00
115.95 40.20 31.00
115.43 40.17 27.00
115.43 40.17 27.00
112.85 34.58 26.00
115.43 39.22 26.00
115.43 39.22 26.00
115.43 40.17 26.00
115.43 40.17 26.00
113.09 37.88 102.00
112.71 35.91 93.00
112.68 35.84 75.00
112.64 35.78 73.00
112.56 35.67 69.00
113.23 37.93 64.00
113.28 37.92 62.00
112.63 35.62 62.00
113.23 37.91 58.00
113.08 37.30 56.00
113.19 37.93 54.00
113.25 37.84 53.00
112.55 36.58 49.00
113.20 37.87 47.00
112.22 36.83 46.00
113.30 37.90 45.00
113.24 37.94 45.00
