117.919081 31.000000
117.903097 31.000000
117.887113 31.000000
117.871129 31.000000
117.855145 31.000000
117.839161 31.000000
117.823177 31.000000
117.807193 31.000000
117.791209 31.000000
117.775225 31.000000
117.759241 31.000000
117.743257 31.000000
117.727273 31.000000
117.711289 31.000000
117.695305 31.000000
117.679321 31.000000
117.663337 31.000000
117.647353 31.000000
117.631369 31.000000
117.615385 31.000000
117.599401 31.000000
117.583417 31.000000
117.567433 31.000000
117.551449 31.000000
117.535465 31.000000
117.519481 31.000000
117.503497 31.000000
117.487512 31.000000
117.471528 31.000000
117.455544 31.000000
117.439560 31.000000
117.423576 31.000000
117.407592 31.000000
117.391608 31.000000
117.375624 31.000000
117.359640 31.000000
117.343656 31.000000
117.327672 31.000000
117.311688 31.000000
117.295704 31.000000
117.279720 31.000000
117.263736 31.000000
117.247752 31.000000
117.231768 31.000000
117.215784 31.000000
117.199800 31.000000
117.183816 31.000000
117.167832 31.000000
117.151848 31.000000
117.135864 31.000000
117.119880 31.000000
117.103896 31.000000
117.087912 31.000000
117.071928 31.000000
117.055944 31.000000
117.039960 31.000000
117.023976 31.000000
117.007992 31.000000
116.992008 31.000000
116.976024 31.000000
116.960040 31.000000
116.944056 31.000000
116.928072 31.000000
116.912088 31.000000
116.896104 31.000000
116.880120 31.000000
116.864136 31.000000
116.848152 31.000000
116.832168 31.000000
116.816184 31.000000
116.800200 31.000000
116.784216 31.000000
116.768232 31.000000
116.752248 31.000000
116.736264 31.000000
116.720280 31.000000
116.704296 31.000000
116.688312 31.000000
116.672328 31.000000
116.656344 31.000000
116.640360 31.000000
116.624376 31.000000
116.608392 31.000000
116.592408 31.000000
116.576424 31.000000
116.560440 31.000000
116.544456 31.000000
116.528472 31.000000
116.512488 31.000000
116.496503 31.000000
116.480519 31.000000
116.464535 31.000000
116.448551 31.000000
116.432567 31.000000
116.416583 31.000000
116.400599 31.000000
116.384615 31.000000
116.368631 31.000000
116.352647 31.000000
116.336663 31.000000
116.320679 31.000000
116.304695 31.000000
116.288711 31.000000
116.272727 31.000000
116.256743 31.000000
116.240759 31.000000
116.224775 31.000000
116.208791 31.000000
116.192807 31.000000
116.176823 31.000000
116.160839 31.000000
116.144855 31.000000
116.128871 31.000000
116.112887 31.000000
116.096903 31.000000
116.080919 31.000000
116.064935 31.000000
116.048951 31.000000
116.032967 31.000000
116.016983 31.000000
116.000999 31.000000
115.985015 31.000000
115.953047 31.000000
115.937063 31.000000
115.921079 31.000000
115.905095 31.000000
115.889111 31.000000
115.873127 31.000000
115.857143 31.000000
115.841159 31.000000
115.825175 31.000000
115.809191 31.000000
115.793207 31.000000
115.777223 31.000000
115.761239 31.000000
115.745255 31.000000
115.729271 31.000000
115.713287 31.000000
115.697303 31.000000
115.681319 31.000000
115.665335 31.000000
115.649351 31.000000
115.633367 31.000000
115.617383 31.000000
115.601399 31.000000
115.585415 31.000000
115.569431 31.000000
115.553447 31.000000
115.537463 31.000000
115.521479 31.000000
115.505495 31.000000
115.489510 31.000000
115.473526 31.000000
115.457542 31.000000
115.313686 31.000000
115.297702 31.000000
115.281718 31.000000
115.265734 31.000000
115.249750 31.000000
115.233766 31.000000
115.217782 31.000000
115.201798 31.000000
115.185814 31.000000
115.169830 31.000000
115.153846 31.000000
115.137862 31.000000
115.121878 31.000000
115.105894 31.000000
115.089910 31.000000
115.073926 31.000000
115.057942 31.000000
115.041958 31.000000
115.025974 31.000000
115.009990 31.000000
114.994006 31.000000
114.978022 31.000000
114.962038 31.000000
114.946054 31.000000
114.930070 31.000000
114.914086 31.000000
114.898102 31.000000
114.882118 31.000000
114.866134 31.000000
114.850150 31.000000
114.834166 31.000000
114.818182 31.000000
114.527080 32.439453
114.514563 32.444277
114.509200 32.446343
114.495283 32.451707
114.481366 32.457070
114.467448 32.462433
114.462085 32.464500
114.448168 32.469863
114.434251 32.475226
114.414970 32.482656
114.401053 32.488019
114.387136 32.493383
114.381773 32.495449
114.367855 32.500813
114.353938 32.506176
114.348228 32.508354
114.336673 32.512633
114.324784 32.517034
114.310727 32.522239
114.305522 32.524166
114.304330 32.524607
114.300852 32.525895
114.286795 32.531100
114.272738 32.536305
114.282445 32.532711
114.272204 32.536502
114.261478 32.540474
114.267533 32.538232
114.253476 32.543436
114.239419 32.548641
114.220158 32.555772
114.206101 32.560977
114.200896 32.562904
114.186839 32.568109
114.172782 32.573313
114.153520 32.580445
114.139463 32.585650
114.134259 32.587577
114.122860 32.591797
113.869870 32.761719
113.857066 32.771841
113.855190 32.773324
113.852480 32.775466
113.842644 32.783242
113.825031 32.797166
113.818651 32.802210
113.814065 32.805835
113.804228 32.813612
113.796452 32.819759
113.786615 32.827535
113.778839 32.833683
113.761226 32.847606
113.753450 32.853754
113.743613 32.861530
113.735837 32.867677
113.718224 32.881601
113.710448 32.887749
113.712673 32.885990
113.707457 32.890113
113.699681 32.896260
113.689844 32.904037
113.682068 32.910184
113.672231 32.917960
113.669018 32.920500
113.675222 32.915596
113.667446 32.921743
113.657609 32.929519
113.649833 32.935667
113.642057 32.941814
113.624444 32.955738
113.616668 32.961885
113.608892 32.968033
113.599055 32.975809
113.586313 32.988224
113.599054 32.975810
113.594004 32.979802
113.590690 32.982422
113.589410 32.983855
113.580099 32.994278
113.580091 32.994286
113.572997 33.002228
113.557961 33.019059
113.542926 33.035890
113.535831 33.043832
113.513702 33.068604
113.505760 33.077494
113.483630 33.102266
113.468595 33.119098
113.461500 33.127039
113.446465 33.143870
113.431429 33.160701
113.425124 33.167759
113.422323 33.170894
113.417319 33.176496
113.423765 33.169280
113.409299 33.185474
113.402205 33.193416
113.387169 33.210247
113.372133 33.227078
113.357767 33.240003
113.346036 33.247067
113.327242 33.258384
113.315511 33.265447
113.296717 33.276764
113.284986 33.283828
113.266192 33.295145
113.254462 33.302208
113.247398 33.306462
113.235667 33.313525
113.227200 33.318624
113.219396 33.323323
113.200601 33.334640
113.188871 33.341704
113.178250 33.348099
113.174617 33.350286
113.166150 33.355385
113.158346 33.360084
113.146763 33.367059
113.144092 33.368667
113.132362 33.375731
113.125298 33.379984
113.113568 33.387048
113.096622 33.393031
113.092150 33.394399
113.077534 33.398870
113.062918 33.403342
113.058447 33.404709
113.043831 33.409181
113.029215 33.413652
113.024743 33.415020
113.010127 33.419492
112.995511 33.423963
112.991040 33.425331
112.976424 33.429802
112.961807 33.434274
112.942720 33.440113
112.928104 33.444584
112.913488 33.449056
112.909016 33.450424
112.894400 33.454895
112.879784 33.459367
112.865168 33.463838
112.846080 33.469677
112.831464 33.474149
112.833209 33.473615
112.832330 33.473884
112.817714 33.478355
112.803098 33.482827
112.801612 33.483281
112.797761 33.484459
112.783145 33.488931
112.768528 33.493402
112.753912 33.497874
112.739296 33.502345
112.734825 33.503713
112.720209 33.508184
112.711518 33.510843
112.706458 33.512391
112.691842 33.516862
112.679440 33.520656
112.671889 33.522966
112.657273 33.527438
112.642657 33.531909
112.628041 33.536381
112.623569 33.537749
112.608953 33.542220
112.594337 33.546691
112.575250 33.552531
112.560633 33.557002
112.545893 33.561786
112.560617 33.557007
112.555430 33.558594
112.541310 33.563319
112.531909 33.566465
112.512334 33.573016
112.497960 33.577826
112.478776 33.584246
112.459591 33.590667
112.445217 33.595477
112.430842 33.600287
112.416468 33.605098
112.411658 33.606707
112.403878 33.609311
112.387947 33.614642
112.385347 33.615512
112.382909 33.616328
112.363725 33.622748
112.349351 33.627558
112.337657 33.631472
112.325640 33.635493
112.296891 33.645114
112.282517 33.649924
112.268722 33.654541
112.253484 33.659640
112.239110 33.664450
112.219926 33.670870
112.205551 33.675681
112.186367 33.682101
112.171993 33.686911
112.157618 33.691722
112.143244 33.696532
112.124060 33.702952
112.109685 33.707762
112.095311 33.712573
112.108381 33.708198
112.081221 33.717288
112.070379 33.720916
112.076127 33.718993
112.061752 33.723803
112.047362 33.728625
112.042539 33.730244
112.033953 33.733128
112.023993 33.736472
112.004805 33.742916
112.002075 33.743833
112.008987 33.741512
111.994623 33.746335
111.980258 33.751159
111.965894 33.755983
111.961071 33.757603
111.946706 33.762427
111.932342 33.767250
111.913154 33.773694
111.930097 33.768004
111.928161 33.768654
111.913796 33.773478
111.895136 33.779745
111.884426 33.783341
111.865238 33.789785
111.850874 33.794609
111.836510 33.799432
111.817322 33.805876
111.802958 33.810700
111.788594 33.815523
111.783770 33.817143
111.779192 33.818680
111.774872 33.820131
111.760508 33.824955
111.750722 33.828242
111.755042 33.826791
111.740678 33.831614
111.735854 33.833234
111.721490 33.838058
111.720241 33.838477
111.712592 33.841046
111.698227 33.845870
111.683864 33.850693
111.669500 33.855517
111.643914 33.864110
111.640022 33.865416
111.625658 33.870240
111.611294 33.875064
111.596930 33.879888
111.592106 33.881508
111.577742 33.886331
111.563378 33.891155
111.558554 33.892775
111.544190 33.897599
111.529826 33.902423
111.515462 33.907246
111.501097 33.912070
111.496274 33.913690
111.481910 33.918514
111.467545 33.923337
111.453181 33.928161
111.438817 33.932985
111.424453 33.937809
111.410089 33.942632
111.395725 33.947456
111.395130 33.947656
111.381530 33.947712
111.365546 33.947778
111.349563 33.947844
111.333579 33.947910
111.317595 33.947977
111.301612 33.948043
111.285628 33.948109
111.269644 33.948175
111.253660 33.948241
111.237677 33.948307
111.221693 33.948373
111.205709 33.948439
111.189725 33.948505
111.173742 33.948571
111.157758 33.948637
111.141774 33.948703
111.125790 33.948770
111.109807 33.948836
111.093823 33.948902
111.084192 33.948942
111.079029 33.948963
111.063045 33.949029
111.047061 33.949095
111.031077 33.949161
111.017080 33.949219
111.014544 33.949385
111.008624 33.949774
111.012705 33.949506
110.996789 33.950550
110.980874 33.951595
110.964958 33.952639
110.954842 33.953303
110.950882 33.953563
110.949837 33.953631
110.936125 33.954531
110.933127 33.954728
110.917212 33.955772
110.901296 33.956817
110.885381 33.957861
110.869465 33.958905
110.853550 33.959950
110.859503 33.959559
110.853300 33.959966
110.847347 33.960357
110.837634 33.960994
110.827672 33.961648
110.821469 33.962055
110.820425 33.962123
110.806433 33.963042
110.805803 33.963083
110.804759 33.963151
110.788844 33.964196
110.772928 33.965240
110.757013 33.966285
110.741097 33.967329
110.725182 33.968373
110.708222 33.969486
110.692306 33.970531
110.676391 33.971575
110.660475 33.972619
110.644560 33.973664
110.643035 33.973764
110.642221 33.973817
110.635870 33.974234
110.628644 33.974708
110.612729 33.975752
110.596813 33.976797
110.580898 33.977841
110.564982 33.978886
110.563938 33.978954
110.548023 33.979998
110.532107 33.981043
110.516192 33.982087
110.506636 33.982532
110.492299 33.983110
110.487897 33.983271
110.485282 33.983367
110.469319 33.983952
110.453357 33.984537
110.460148 33.984288
110.459789 33.984301
110.443827 33.984886
110.427864 33.985471
110.421073 33.985720
110.420847 33.985728
110.404884 33.986313
110.388922 33.986897
110.372959 33.987482
110.356997 33.988067
110.341034 33.988652
110.325071 33.989237
110.309109 33.989821
110.293146 33.990406
110.282646 33.990791
110.282446 33.990798
110.266484 33.991383
110.259217 33.991649
110.245258 33.992160
110.233591 33.992588
110.236370 33.992486
110.234559 33.992552
110.230972 33.992684
110.229296 33.992745
110.213333 33.993330
110.197371 33.993915
110.181408 33.994500
110.180823 33.994521
110.164861 33.995106
110.148898 33.995690
110.132935 33.996275
110.116973 33.996860
110.101010 33.997445
110.085048 33.998030
110.069085 33.998614
110.053122 33.999199
110.037160 33.999784
110.004041 34.001701
110.034777 33.999922
110.026926 34.000271
110.011004 34.001266
109.995082 34.002260
109.989633 34.002600
109.988119 34.002695
109.972197 34.003690
109.956275 34.004685
109.940353 34.005680
109.946073 34.005323
109.930400 34.006301
109.914478 34.007296
109.898556 34.008291
109.886619 34.009037
109.892588 34.008664
109.876666 34.009659
109.860744 34.010653
109.846272 34.011557
109.850604 34.011287
109.849796 34.011337
109.845299 34.011618
109.843827 34.011710
109.827906 34.012705
109.796062 34.014695
109.778111 34.015944
109.746486 34.019240
109.772221 34.016558
109.772186 34.016561
109.756374 34.018209
109.740562 34.019857
109.724749 34.021505
109.713882 34.022638
109.730674 34.020888
109.699050 34.024183
109.683237 34.025831
109.651613 34.029127
109.635801 34.030775
109.619988 34.032423
109.604176 34.034071
109.588364 34.035719
109.572551 34.037367
109.556739 34.039015
109.540927 34.040663
109.539279 34.040834
109.523467 34.042482
109.507654 34.044130
109.493521 34.045603
109.485917 34.046395
109.470105 34.048043
109.454293 34.049691
109.438481 34.051339
109.422668 34.052987
109.406856 34.054635
109.404385 34.054893
109.412781 34.054018
109.396969 34.055665
109.381156 34.057313
109.365344 34.058961
109.349532 34.060609
109.333719 34.062257
109.317907 34.063905
109.302095 34.065553
109.286283 34.067201
109.275170 34.068359
109.302750 34.172600
109.307177 34.174469
109.320743 34.180197
109.326470 34.182615
109.340036 34.188343
109.342633 34.189439
109.343653 34.189870
109.354622 34.194501
109.353602 34.194070
109.359329 34.196488
109.372895 34.202216
109.386461 34.207944
109.392189 34.210362
109.405754 34.216090
109.419320 34.221817
109.425048 34.224235
109.438613 34.229963
109.452179 34.235691
109.465745 34.241418
109.471473 34.243837
109.485038 34.249564
109.504332 34.257710
109.517897 34.263438
109.531463 34.269165
109.525293 34.266560
109.537191 34.271584
109.550757 34.277311
109.564322 34.283039
109.577888 34.288766
109.571718 34.286161
109.583616 34.291185
109.589343 34.293603
109.602909 34.299331
109.607687 34.301348
109.610747 34.302640
109.622233 34.307490
109.641459 34.316022
109.636555 34.313777
109.649771 34.319826
109.650502 34.320161
109.654702 34.322083
109.660751 34.324852
109.673966 34.330901
109.680015 34.333669
109.681260 34.334239
109.669035 34.328643
109.682250 34.334692
109.695466 34.340741
109.708681 34.346790
109.721896 34.352839
109.735111 34.358888
109.748327 34.364937
109.754376 34.367706
109.767591 34.373755
109.780806 34.379803
109.776368 34.377772
109.777454 34.378269
109.790669 34.384318
109.796718 34.387087
109.809933 34.393136
109.823149 34.399185
109.829521 34.402101
109.833667 34.403999
109.846883 34.410048
109.844392 34.408908
109.855628 34.414051
109.868843 34.420100
109.874892 34.422869
109.881608 34.425943
109.886528 34.428195
109.899744 34.434244
109.893028 34.431170
109.901323 34.434967
109.902499 34.435505
109.905793 34.437013
109.919008 34.443061
109.915934 34.441654
109.920587 34.443784
109.933802 34.449833
109.939851 34.452602
109.953067 34.458651
109.966282 34.464700
109.979497 34.470749
109.985546 34.473517
109.998761 34.479566
110.008746 34.481913
110.010639 34.482141
110.026396 34.484034
110.035187 34.485090
110.035190 34.485091
110.043774 34.486122
110.044046 34.486155
110.059802 34.488048
110.061359 34.488235
110.068596 34.489105
110.084353 34.490998
110.100109 34.492891
110.115866 34.494784
110.131623 34.496678
110.138609 34.497517
110.140478 34.497742
110.156235 34.499635
110.157016 34.499729
110.149272 34.498798
110.165029 34.500692
110.180785 34.502585
110.196542 34.504478
110.212298 34.506371
110.228055 34.508265
110.243812 34.510158
110.261461 34.512278
110.277218 34.514172
110.308731 34.517958
110.324487 34.519851
110.340244 34.521745
110.356001 34.523638
110.389407 34.527652
110.397190 34.528587
110.428077 34.534058
110.443575 34.536802
110.477316 34.542778
110.508312 34.548268
110.523810 34.551013
110.539307 34.553758
110.542052 34.554244
110.557550 34.556989
110.591291 34.562965
110.606789 34.565709
110.600720 34.564634
110.603241 34.565081
110.618739 34.567826
110.621484 34.568312
110.636982 34.571057
110.655749 34.574660
110.670583 34.578792
110.676569 34.580459
110.673765 34.579678
110.688598 34.583810
110.692730 34.584961
110.707563 34.589092
110.722396 34.593224
110.737230 34.597356
110.756194 34.602638
110.745114 34.599552
110.748880 34.600601
110.753012 34.601752
110.760081 34.603721
110.771028 34.606770
110.775743 34.608083
110.782678 34.610015
110.797511 34.614147
110.808270 34.617143
110.804826 34.616184
110.819659 34.620316
110.838624 34.625598
110.853457 34.629730
110.868290 34.633862
110.870481 34.634472
110.875809 34.635956
110.879940 34.637107
110.888355 34.639451
110.902088 34.643276
110.906220 34.644427
110.921053 34.648558
110.935886 34.652690
110.950719 34.656822
110.954851 34.657973
110.969684 34.662104
110.984517 34.666236
110.988649 34.667387
111.003482 34.671518
111.018315 34.675650
111.033148 34.679782
111.036789 34.680796
111.051505 34.684923
111.066276 34.689155
111.069771 34.690156
111.066194 34.689131
111.085197 34.694576
111.099969 34.698808
111.094218 34.697161
111.100051 34.698832
111.114823 34.703064
111.129594 34.707296
111.163369 34.716973
111.166975 34.718006
111.163287 34.716949
111.167519 34.718162
111.182291 34.722394
111.197062 34.726626
111.216066 34.732071
111.235069 34.737516
111.249841 34.741748
111.278819 34.750050
111.279430 34.750225
111.279384 34.750212
111.283616 34.751425
111.313159 34.759889
111.312594 34.759727
111.323780 34.762932
111.328012 34.764145
111.331618 34.765178
111.332162 34.765334
111.346934 34.769566
111.361705 34.773798
111.371830 34.776699
111.383351 34.782314
111.396267 34.788609
111.402562 34.791678
111.415478 34.797973
111.428394 34.804268
111.447605 34.813631
111.460520 34.819926
111.467947 34.823546
111.472459 34.825745
111.474452 34.826716
111.479731 34.829290
111.492647 34.835585
111.489471 34.834037
111.491670 34.835109
111.504586 34.841404
111.517502 34.847699
111.530418 34.853994
111.536713 34.857062
111.542202 34.859737
111.537690 34.857538
111.550605 34.863833
111.556901 34.866901
111.569816 34.873197
111.582732 34.879492
111.580618 34.878462
111.581755 34.879016
111.594671 34.885311
111.607587 34.891606
111.620503 34.897901
111.626798 34.900969
111.639714 34.907264
111.648960 34.911770
111.646986 34.910808
111.659901 34.917104
111.666197 34.920172
111.679112 34.926467
111.692028 34.932762
111.704944 34.939057
111.711239 34.942125
111.721530 34.947141
111.883430 35.007551
111.897074 35.012096
111.911461 35.016889
111.921243 35.020148
111.930641 35.023279
111.937798 35.025663
111.945028 35.028072
111.959415 35.032865
111.973803 35.037658
111.988190 35.042451
111.989817 35.042993
112.002577 35.047245
112.006674 35.048609
112.007370 35.048841
112.021757 35.053634
112.036145 35.058427
112.037772 35.058969
112.045747 35.061626
112.060134 35.066419
112.079314 35.072809
112.083403 35.074171
112.084099 35.074403
112.086539 35.075216
112.098487 35.079197
112.112874 35.083990
112.127376 35.088182
112.130755 35.089159
112.149715 35.094423
112.164555 35.098543
112.179395 35.102663
112.194235 35.106783
112.209076 35.110903
112.223916 35.115023
112.227199 35.115935
112.232996 35.117544
112.233140 35.117584
112.537510 35.117584
112.539549 35.117749
112.555428 35.119037
112.557236 35.119184
112.563157 35.119664
112.579036 35.120952
112.594916 35.122240
112.608326 35.123329
112.618946 35.124190
112.620234 35.124294
112.636114 35.125582
112.651993 35.126870
112.667873 35.128158
112.677603 35.128948
112.690193 35.129969
112.706072 35.131257
112.721952 35.132545
112.722965 35.132628
112.723240 35.132650
112.739119 35.133938
112.754999 35.135226
112.770879 35.136514
112.786758 35.137802
112.790048 35.138069
112.802638 35.139090
112.818517 35.140378
112.834397 35.141666
112.850276 35.142954
112.866156 35.144242
112.882035 35.145530
112.897915 35.146818
112.912998 35.147980
112.925437 35.148811
112.930147 35.149120
112.939627 35.149743
112.946062 35.150166
112.947108 35.150235
112.954189 35.150700
112.963023 35.151280
112.966630 35.151517
112.973711 35.151982
112.985211 35.152738
112.994854 35.153371
112.998675 35.153622
113.005542 35.154073
113.022503 35.155187
113.038418 35.156233
113.043286 35.156553
113.043645 35.156576
113.047252 35.156813
113.059561 35.157622
113.066642 35.158087
113.075476 35.158667
113.078846 35.158888
113.086164 35.159369
113.087209 35.159438
113.093919 35.159879
113.107307 35.160758
113.116787 35.161381
113.123222 35.161804
113.124268 35.161873
113.131406 35.162342
113.139770 35.162891
113.350240 35.288026
113.352550 35.290014
113.353192 35.290567
113.356389 35.293318
113.365572 35.301221
113.373475 35.308022
113.380520 35.314086
113.386721 35.319422
113.391962 35.323934
113.394623 35.326224
113.403755 35.334082
113.403806 35.334126
113.411709 35.340928
113.420892 35.348831
113.421405 35.349272
113.426011 35.353236
113.432542 35.358858
113.435936 35.361779
113.436697 35.362434
113.437213 35.362878
113.445880 35.370336
113.452179 35.375757
113.453783 35.377138
113.462965 35.385041
113.469688 35.390827
113.470868 35.391842
113.480051 35.399745
113.480564 35.400186
113.485170 35.404150
113.493073 35.410952
113.496631 35.414014
113.497136 35.414449
113.514222 35.429153
113.524349 35.437869
113.527244 35.440360
113.530608 35.443255
113.531307 35.443857
113.540490 35.451760
113.545731 35.456272
113.548392 35.458562
113.557575 35.466465
113.560085 35.468625
113.565478 35.473266
113.570920 35.477950
113.578500 35.484473
113.586913 35.493819
113.596046 35.507122
113.601385 35.514899
113.606505 35.522357
113.613963 35.533221
113.615768 35.535850
113.619528 35.541326
113.624859 35.549091
113.626542 35.551543
113.631556 35.558846
113.632106 35.559648
113.634550 35.563209
113.639120 35.569865
113.640249 35.571510
113.646578 35.580729
113.651014 35.587189
113.651699 35.588187
113.659157 35.599051
113.664171 35.606354
113.666615 35.609915
113.667165 35.610717
113.667165 35.610717
113.671735 35.617373
113.673353 35.619730
113.679193 35.628237
113.683430 35.634407
113.684314 35.635695
113.691772 35.646559
113.699230 35.657422
113.701000 35.660000
113.704795 35.665528
113.708077 35.670308
113.711809 35.675744
113.716929 35.683203
113.716929 35.683204
113.717373 35.683850
113.722610 35.691478
113.726015 35.704057
113.726015 35.704058
113.727106 35.708089
113.731137 35.722982
113.735168 35.737875
113.736259 35.741906
113.740289 35.756799
113.745411 35.775723
113.749442 35.790616
113.753473 35.805509
113.757504 35.820402
113.761535 35.835295
113.765566 35.850188
113.769596 35.865082
113.773627 35.879975
113.777658 35.894868
113.781689 35.909761
113.785720 35.924654
113.784629 35.920623
113.788660 35.935516
113.788660 35.935517
113.794444 35.961593
113.794444 35.961594
113.795810 35.977461
113.797176 35.993327
113.798542 36.009193
113.799908 36.025060
113.801274 36.040926
113.802640 36.056793
113.804006 36.072659
113.804123 36.074023
113.804711 36.080855
113.806077 36.096721
113.806871 36.105944
113.808221 36.121624
113.808339 36.122990
113.809705 36.138857
113.809771 36.139628
113.810175 36.144320
113.810293 36.145686
113.810410 36.147052
113.810528 36.148418
113.811322 36.157641
113.811894 36.164285
113.812672 36.173321
113.812789 36.174687
113.814155 36.190554
113.814273 36.191920
113.815639 36.207786
113.839290 36.223257
113.842848 36.224092
113.857997 36.227650
113.861554 36.228485
113.874063 36.231423
113.876703 36.232043
113.891851 36.235600
113.895409 36.236436
113.896828 36.236769
113.904361 36.238538
113.912963 36.240559
113.914115 36.240829
113.919728 36.242147
113.923067 36.242931
113.937459 36.246311
113.944412 36.247944
113.945831 36.248277
113.953364 36.250046
113.961966 36.252067
113.963118 36.252337
113.963659 36.252464
113.966676 36.253173
113.981824 36.256730
113.994414 36.259687
113.999841 36.260961
114.002367 36.261554
114.012285 36.263884
114.030827 36.268238
114.034385 36.269074
114.040351 36.270475
114.049533 36.272631
114.049669 36.272663
114.064078 36.276047
114.066519 36.276620
114.077272 36.279146
114.083388 36.280582
114.098537 36.284139
114.100120 36.284511
114.105654 36.285811
114.117243 36.288532
114.123553 36.290014
114.129087 36.291314
114.132391 36.292090
114.135949 36.292925
114.135950 36.292926
114.145819 36.295243
114.149376 36.296079
114.164525 36.299636
114.168083 36.300472
114.183231 36.304029
114.186789 36.304865
114.201937 36.308422
114.205495 36.309258
114.211550 36.310680
114.212835 36.322061
114.214618 36.337843
114.214819 36.339626
114.216601 36.355408
114.216803 36.357191
114.218556 36.372715
114.218556 36.372715
114.218718 36.374147
114.218757 36.374497
114.220540 36.390280
114.220741 36.392062
114.222523 36.407845
114.222591 36.408442
114.222725 36.409627
114.224507 36.425410
114.224615 36.426365
114.224708 36.427192
114.224762 36.427670
114.224910 36.428975
114.225111 36.430757
114.225250 36.431991
114.225715 36.436104
114.227410 36.451118
114.228676 36.462323
114.228774 36.463190
114.229280 36.467670
114.230774 36.480901
114.232241 36.493888
114.232049 36.492197
114.232110 36.492738
114.233822 36.507888
114.233822 36.507891
114.232531 36.528588
114.231361 36.540628
114.230992 36.544422
114.229452 36.560256
114.227912 36.576091
114.226372 36.591925
114.225888 36.596896
114.224832 36.607759
114.223292 36.623594
114.221752 36.639428
114.220212 36.655262
114.219872 36.658762
114.218673 36.671096
114.217133 36.686931
114.216083 36.697725
114.215743 36.701225
114.214203 36.717059
114.212663 36.732894
114.211550 36.750250
114.211550 36.766234
114.211550 36.782218
114.211550 36.798202
114.211550 36.814186
114.211550 36.830170
114.211550 36.846154
114.211550 36.862138
114.211550 36.878122
114.211550 36.894106
114.211550 36.910090
114.211550 36.926074
114.211550 36.942058
114.211550 36.958042
114.211550 36.974026
114.211550 36.990010
114.211550 37.005994
114.211550 37.021978
114.211550 37.037962
114.211550 37.053946
114.212514 37.070801
114.212682 37.073559
114.213368 37.084781
114.214172 37.097947
114.214459 37.102650
114.215431 37.118575
114.216404 37.134499
114.217376 37.150424
114.217534 37.153014
114.218348 37.166349
114.219051 37.177857
114.219321 37.182273
114.220293 37.198198
114.221266 37.214123
114.221836 37.223464
114.222238 37.230047
114.223210 37.245972
114.223566 37.251797
114.224183 37.261896
114.224778 37.271640
114.225155 37.277821
114.225498 37.283432
114.226128 37.293746
114.226698 37.303087
114.227041 37.308698
114.228013 37.324623
114.229045 37.341520
114.230017 37.357444
114.230990 37.373369
114.231049 37.374341
114.232021 37.390266
114.232994 37.406191
114.233966 37.422115
114.234911 37.429977
114.235937 37.438512
114.238119 37.454192
114.240301 37.469872
114.242483 37.485553
114.244666 37.501233
114.246848 37.516913
114.247152 37.519095
114.249334 37.534776
114.251516 37.550456
114.251991 37.553870
114.253395 37.563954
114.253698 37.566136
114.255881 37.581817
114.258063 37.597497
114.260245 37.613177
114.262428 37.628858
114.264610 37.644538
114.264913 37.646720
114.267096 37.662400
114.269278 37.678081
114.271460 37.693761
114.271764 37.695943
114.272181 37.698940
114.273946 37.711624
114.275408 37.722125
114.276129 37.727304
114.278014 37.740851
114.278913 37.746993
114.280699 37.758881
114.280925 37.760256
114.283258 37.774451
114.285815 37.790015
114.288373 37.805579
114.290930 37.821143
114.293488 37.836706
114.296045 37.852270
114.298603 37.867834
114.301160 37.883398
114.303717 37.898961
114.306275 37.914525
114.307249 37.920455
114.309253 37.932646
114.311165 37.944284
114.311810 37.948210
114.312162 37.950351
114.314368 37.963774
114.315860 37.972854
114.316505 37.976780
114.317479 37.982710
114.319483 37.994901
114.321395 38.006539
114.322040 38.010465
114.322392 38.012606
114.324598 38.026029
114.326090 38.035109
114.326735 38.039036
114.327155 38.041593
114.326605 38.062894
114.325050 38.078726
114.323495 38.094557
114.321941 38.110388
114.320386 38.126220
114.318832 38.142051
114.317277 38.157882
114.315722 38.173714
114.314168 38.189545
114.312613 38.205377
114.311058 38.221208
114.310593 38.225944
114.309504 38.237039
114.308567 38.246580
114.308102 38.251316
114.306547 38.267147
114.307632 38.288078
114.308167 38.290475
114.310274 38.299899
114.313677 38.315122
114.314820 38.320236
114.315198 38.321928
114.315580 38.323639
114.316332 38.327002
114.317079 38.330346
114.317582 38.332597
114.317840 38.333749
114.318332 38.335952
114.319722 38.342170
114.321005 38.347910
114.321242 38.348972
114.324645 38.364196
114.326242 38.371342
114.328048 38.379419
114.328269 38.380409
114.328808 38.382822
114.332211 38.398045
114.332479 38.399243
114.332877 38.401027
114.333372 38.403238
114.334317 38.407468
114.335614 38.413269
114.336374 38.416671
114.337040 38.419653
114.339777 38.431895
114.343180 38.447118
114.346582 38.462342
114.349985 38.477565
114.363962 38.488475
114.370762 38.492269
114.377563 38.496062
114.384363 38.499856
114.396554 38.506656
114.403354 38.510450
114.415545 38.517250
114.427735 38.524050
114.434535 38.527844
114.442747 38.532424
114.446726 38.534644
114.453526 38.538437
114.460177 38.542148
114.465717 38.545238
114.477907 38.552038
114.496898 38.562632
114.507063 38.568302
114.509089 38.569432
114.521279 38.576232
114.527633 38.579776
114.544251 38.589046
114.551051 38.592840
114.563205 38.599620
114.571452 38.604220
114.578112 38.607936
114.582232 38.610234
114.589033 38.614027
114.594563 38.617112
114.602633 38.621614
114.604994 38.622931
114.608024 38.624621
114.620214 38.631421
114.627014 38.635215
114.632610 38.638782
114.634531 38.639932
114.645696 38.647267
114.653031 38.652087
114.653951 38.652691
114.664195 38.659422
114.675360 38.666758
114.682695 38.671578
114.689988 38.676369
114.693860 38.678913
114.705024 38.686248
114.712359 38.691068
114.712914 38.691433
114.723524 38.698403
114.726798 38.700554
114.727353 38.700919
114.734688 38.705739
114.745852 38.713074
114.751592 38.716845
114.753188 38.717894
114.755227 38.719234
114.757017 38.720410
114.764352 38.725229
114.770092 38.729000
114.771688 38.730049
114.778207 38.734332
114.790187 38.742204
114.790973 38.742720
114.801352 38.749539
114.804530 38.751628
114.819851 38.761695
114.829420 38.767981
114.831016 38.769030
114.833055 38.770370
114.834845 38.771546
114.846009 38.778881
114.846412 38.779146
114.849516 38.781185
114.853368 38.783716
114.860680 38.788520
114.864272 38.790757
114.867975 38.793062
114.872490 38.795827
114.879662 38.800216
114.891498 38.807461
114.898407 38.811690
114.910035 38.818807
114.921125 38.825595
114.928779 38.830280
114.940407 38.837397
114.944958 38.840183
114.947524 38.841754
114.959152 38.848871
114.960803 38.849882
114.977897 38.860344
114.989525 38.867461
114.994076 38.870247
114.998546 38.872983
115.010173 38.880100
115.012348 38.881431
115.015387 38.883291
115.020435 38.886381
115.022633 38.887726
115.027014 38.890408
115.031640 38.893240
115.034131 38.894765
115.045759 38.901882
115.047088 38.902695
115.052876 38.906238
115.055331 38.907740
115.061789 38.911693
115.064504 38.913355
115.071621 38.917712
115.083249 38.924829
115.090366 38.929185
115.101994 38.936302
115.103980 38.937518
115.109111 38.940659
115.120738 38.947776
115.121806 38.948429
115.127856 38.952132
115.139483 38.959249
115.140850 38.960086
115.396650 39.240561
115.402056 39.244536
115.406575 39.247858
115.413334 39.252827
115.414203 39.253466
115.421951 39.259163
115.424579 39.261095
115.432207 39.266703
115.438810 39.271557
115.442583 39.274331
115.447427 39.277893
115.454186 39.282862
115.457760 39.285490
115.460587 39.287568
115.468215 39.293176
115.473040 39.296724
115.478590 39.300805
115.482435 39.303631
115.486219 39.306413
115.486349 39.306509
115.490194 39.309335
115.495744 39.313416
115.496594 39.314041
115.506970 39.321669
115.508542 39.322825
115.514598 39.327278
115.520164 39.331370
115.524974 39.334906
115.531011 39.339345
115.536577 39.343437
115.544205 39.349045
115.545280 39.349836
115.550606 39.353751
115.560982 39.361379
115.566728 39.365605
115.571357 39.369008
115.575620 39.372141
115.578986 39.374616
115.579052 39.374665
115.580213 39.375519
115.588589 39.381778
115.594189 39.386033
115.597087 39.388235
115.607220 39.395935
115.609605 39.397748
115.614122 39.401179
115.621821 39.407030
115.625716 39.409990
115.635187 39.417185
115.637484 39.418931
115.639655 39.420580
115.646481 39.425768
115.653020 39.430736
115.657889 39.434436
115.660719 39.436586
115.672239 39.445340
115.674837 39.447314
115.680986 39.451986
115.688686 39.457837
115.694844 39.462516
115.698819 39.465536
115.702060 39.467999
115.706519 39.471387
115.710087 39.474098
115.716653 39.479087
115.724352 39.484937
115.734486 39.492637
115.736750 39.494357
115.749339 39.503924
115.752319 39.506188
115.753209 39.506865
115.762452 39.513888
115.770253 39.519833
115.776288 39.524509
115.780242 39.527572
115.781508 39.528553
115.786992 39.532801
115.794015 39.538243
115.797969 39.541306
115.799235 39.542287
115.805707 39.547301
115.815696 39.555040
115.821180 39.559288
115.823435 39.561035
115.826400 39.563332
115.833423 39.568774
115.838756 39.572905
115.841162 39.574769
115.844267 39.577175
115.851150 39.582508
115.856371 39.586553
115.858889 39.588503
115.868878 39.596242
115.876616 39.602237
115.886605 39.609976
115.894343 39.615971
115.898229 39.618982
115.904332 39.623710
115.908260 39.626753
118.000000 39.819181
118.000000 39.803197
118.000000 39.787213
118.000000 39.771229
118.000000 39.755245
118.000000 39.739261
118.000000 39.723277
118.000000 39.707293
118.000000 39.691309
118.000000 39.675325
118.000000 39.659341
118.000000 39.643357
118.000000 39.627373
118.000000 39.611389
118.000000 39.595405
118.000000 39.579421
118.000000 39.563437
118.000000 39.547453
118.000000 39.531469
118.000000 39.515485
118.000000 39.499500
118.000000 39.483516
118.000000 39.467532
118.000000 39.451548
118.000000 39.435564
118.000000 39.419580
118.000000 39.403596
118.000000 39.387612
118.000000 39.371628
118.000000 39.355644
118.000000 39.339660
118.000000 39.323676
118.000000 39.307692
118.000000 39.291708
118.000000 39.275724
118.000000 39.259740
118.000000 39.243756
118.000000 39.227772
118.000000 39.211788
118.000000 39.195804
118.000000 39.179820
118.000000 39.163836
118.000000 39.147852
118.000000 39.131868
118.000000 39.115884
118.000000 39.099900
118.000000 39.083916
118.000000 39.067932
118.000000 39.051948
118.000000 39.035964
118.000000 39.019980
118.000000 39.003996
118.000000 38.988012
118.000000 38.972028
118.000000 38.956044
118.000000 38.940060
118.000000 38.924076
118.000000 38.908092
118.000000 38.892108
118.000000 38.876124
118.000000 38.860140
118.000000 38.844156
118.000000 38.828172
118.000000 38.812188
118.000000 38.796204
118.000000 38.780220
118.000000 38.764236
118.000000 38.748252
118.000000 38.732268
118.000000 38.716284
118.000000 38.700300
118.000000 38.684316
118.000000 38.668332
118.000000 38.652348
118.000000 38.636364
118.000000 38.620380
118.000000 38.604396
118.000000 38.588412
118.000000 38.572428
118.000000 38.556444
118.000000 38.540460
118.000000 38.524476
118.000000 38.508492
118.000000 38.492507
118.000000 38.476523
118.000000 38.460539
118.000000 38.444555
118.000000 38.428571
118.000000 38.412587
118.000000 38.396603
118.000000 38.380619
118.000000 38.364635
118.000000 38.348651
118.000000 38.332667
118.000000 38.316683
118.000000 38.300699
118.000000 38.284715
118.000000 38.268731
118.000000 38.252747
118.000000 38.236763
118.000000 38.220779
118.000000 38.204795
118.000000 38.188811
118.000000 38.172827
118.000000 38.156843
118.000000 38.140859
118.000000 38.124875
118.000000 38.108891
118.000000 38.092907
118.000000 38.076923
118.000000 38.060939
118.000000 38.044955
118.000000 38.028971
118.000000 38.012987
118.000000 37.997003
118.000000 37.981019
118.000000 37.965035
118.000000 37.949051
118.000000 37.933067
118.000000 37.917083
118.000000 37.901099
118.000000 37.885115
118.000000 37.869131
118.000000 37.853147
118.000000 37.837163
118.000000 37.821179
118.000000 37.805195
118.000000 37.789211
118.000000 37.741259
118.000000 37.725275
118.000000 37.709291
118.000000 37.693307
118.000000 37.677323
118.000000 37.661339
118.000000 37.645355
118.000000 37.629371
118.000000 37.613387
118.000000 37.597403
118.000000 37.581419
118.000000 37.565435
118.000000 37.549451
118.000000 37.533467
118.000000 37.517483
118.000000 37.501499
118.000000 37.485514
118.000000 37.469530
118.000000 37.453546
118.000000 37.437562
118.000000 37.421578
118.000000 37.405594
118.000000 37.389610
118.000000 37.373626
118.000000 37.357642
118.000000 37.341658
118.000000 37.325674
118.000000 37.309690
118.000000 37.293706
118.000000 37.277722
118.000000 37.245754
118.000000 37.229770
118.000000 37.213786
118.000000 37.197802
118.000000 37.181818
118.000000 37.165834
118.000000 37.149850
118.000000 37.133866
118.000000 37.117882
118.000000 37.101898
118.000000 37.085914
118.000000 37.069930
118.000000 37.053946
118.000000 37.037962
118.000000 37.021978
118.000000 37.005994
118.000000 36.990010
118.000000 36.974026
118.000000 36.958042
118.000000 36.942058
118.000000 36.926074
118.000000 36.910090
118.000000 36.894106
118.000000 36.878122
118.000000 36.862138
118.000000 36.846154
118.000000 36.830170
118.000000 36.814186
118.000000 36.798202
118.000000 36.782218
118.000000 36.766234
118.000000 36.750250
118.000000 36.734266
118.000000 36.718282
118.000000 36.702298
118.000000 36.686314
118.000000 36.670330
118.000000 36.654346
118.000000 36.638362
118.000000 36.622378
118.000000 36.606394
118.000000 36.590410
118.000000 36.574426
118.000000 36.558442
118.000000 36.542458
118.000000 36.526474
118.000000 36.510490
118.000000 36.494505
118.000000 36.478521
118.000000 36.462537
118.000000 36.446553
118.000000 36.430569
118.000000 36.414585
118.000000 36.398601
118.000000 36.382617
118.000000 36.366633
118.000000 36.350649
118.000000 36.334665
118.000000 36.318681
118.000000 36.302697
118.000000 36.286713
118.000000 36.270729
118.000000 36.254745
118.000000 36.238761
118.000000 36.222777
118.000000 36.206793
118.000000 36.190809
118.000000 36.174825
118.000000 36.158841
118.000000 36.142857
118.000000 36.126873
118.000000 36.110889
118.000000 36.094905
118.000000 36.078921
118.000000 36.062937
118.000000 35.311688
118.000000 35.295704
118.000000 35.279720
118.000000 35.263736
118.000000 35.247752
118.000000 35.231768
118.000000 35.215784
118.000000 35.199800
118.000000 35.183816
118.000000 35.167832
118.000000 35.151848
118.000000 35.135864
118.000000 35.119880
118.000000 35.103896
118.000000 35.087912
118.000000 35.071928
118.000000 35.055944
118.000000 35.039960
118.000000 35.023976
118.000000 35.007992
118.000000 34.992008
118.000000 34.976024
118.000000 34.960040
118.000000 34.944056
118.000000 34.928072
118.000000 34.912088
118.000000 34.896104
118.000000 34.880120
118.000000 34.864136
118.000000 34.848152
118.000000 34.832168
118.000000 34.816184
118.000000 34.800200
118.000000 34.784216
118.000000 34.768232
118.000000 34.752248
118.000000 34.736264
118.000000 34.720280
118.000000 34.704296
118.000000 34.688312
118.000000 34.672328
118.000000 34.656344
118.000000 34.640360
118.000000 34.624376
118.000000 34.608392
118.000000 34.592408
118.000000 34.576424
118.000000 34.560440
118.000000 34.544456
118.000000 34.528472
118.000000 34.512488
118.000000 34.496503
118.000000 34.480519
118.000000 34.464535
118.000000 34.448551
118.000000 34.432567
118.000000 34.416583
118.000000 34.400599
118.000000 34.384615
118.000000 34.368631
118.000000 34.352647
118.000000 34.336663
118.000000 34.320679
118.000000 34.304695
118.000000 34.288711
118.000000 34.272727
118.000000 34.256743
118.000000 34.240759
118.000000 34.224775
118.000000 34.208791
118.000000 34.192807
118.000000 34.176823
118.000000 34.160839
118.000000 34.144855
118.000000 34.128871
118.000000 34.112887
118.000000 34.096903
118.000000 34.080919
118.000000 34.064935
118.000000 34.048951
118.000000 34.032967
118.000000 34.016983
118.000000 34.000999
118.000000 33.985015
118.000000 33.969031
118.000000 33.953047
118.000000 33.937063
118.000000 33.921079
118.000000 33.905095
118.000000 33.889111
118.000000 33.873127
118.000000 33.857143
118.000000 33.841159
118.000000 33.825175
118.000000 33.809191
118.000000 33.793207
118.000000 33.777223
118.000000 33.761239
118.000000 33.745255
118.000000 33.729271
118.000000 33.713287
118.000000 33.697303
118.000000 33.681319
118.000000 33.665335
118.000000 33.649351
118.000000 33.633367
118.000000 33.617383
118.000000 33.601399
118.000000 33.585415
118.000000 33.569431
118.000000 33.553447
118.000000 33.537463
118.000000 33.521479
118.000000 33.505495
118.000000 33.489510
118.000000 33.473526
118.000000 33.457542
118.000000 33.441558
118.000000 33.425574
118.000000 33.409590
118.000000 33.393606
118.000000 33.377622
118.000000 33.361638
118.000000 33.345654
118.000000 33.329670
118.000000 33.313686
118.000000 33.297702
118.000000 33.281718
118.000000 33.265734
118.000000 33.249750
118.000000 33.233766
118.000000 33.217782
118.000000 33.201798
118.000000 33.185814
118.000000 33.169830
118.000000 33.153846
118.000000 33.137862
118.000000 33.121878
118.000000 33.105894
118.000000 33.089910
118.000000 33.073926
118.000000 33.057942
118.000000 33.041958
118.000000 33.025974
118.000000 33.009990
118.000000 32.994006
118.000000 32.978022
118.000000 32.962038
118.000000 32.946054
118.000000 32.930070
118.000000 32.914086
118.000000 32.898102
118.000000 32.882118
118.000000 32.866134
118.000000 32.850150
118.000000 32.834166
118.000000 32.818182
118.000000 32.802198
118.000000 32.786214
118.000000 32.770230
118.000000 32.754246
118.000000 32.738262
118.000000 32.722278
118.000000 32.706294
118.000000 32.690310
118.000000 32.674326
118.000000 32.658342
118.000000 32.642358
118.000000 32.626374
118.000000 32.610390
118.000000 32.594406
118.000000 32.578422
118.000000 32.562438
118.000000 32.546454
118.000000 32.530470
118.000000 32.514486
118.000000 32.498501
118.000000 32.482517
118.000000 32.466533
118.000000 32.450549
118.000000 32.434565
118.000000 32.418581
118.000000 32.402597
118.000000 32.386613
118.000000 32.370629
118.000000 32.354645
118.000000 32.338661
118.000000 32.322677
118.000000 32.306693
118.000000 32.290709
118.000000 32.274725
118.000000 32.258741
118.000000 32.242757
118.000000 32.226773
118.000000 32.210789
118.000000 32.194805
118.000000 32.178821
118.000000 32.162837
118.000000 32.146853
118.000000 32.130869
118.000000 32.114885
118.000000 32.098901
118.000000 32.082917
118.000000 32.066933
118.000000 32.050949
118.000000 32.034965
118.000000 32.018981
118.000000 32.002997
118.000000 31.987013
118.000000 31.971029
118.000000 31.955045
118.000000 31.939061
118.000000 31.923077
118.000000 31.907093
118.000000 31.891109
118.000000 31.875125
118.000000 31.859141
118.000000 31.843157
118.000000 31.827173
118.000000 31.811189
118.000000 31.795205
118.000000 31.779221
118.000000 31.763237
118.000000 31.747253
118.000000 31.731269
118.000000 31.715285
118.000000 31.699301
118.000000 31.683317
118.000000 31.667333
118.000000 31.651349
118.000000 31.635365
118.000000 31.619381
118.000000 31.603397
118.000000 31.587413
118.000000 31.571429
118.000000 31.555445
118.000000 31.539461
118.000000 31.523477
118.000000 31.507493
118.000000 31.491508
118.000000 31.475524
118.000000 31.459540
118.000000 31.107892
118.000000 31.091908
118.000000 31.075924
118.000000 31.059940
118.000000 31.043956
118.000000 31.000000
117.935065 31.000000
117.919081 31.000000
