106.139026 34.477646
106.153192 34.472572
106.167358 34.467497
106.181524 34.462422
106.195690 34.457347
106.197963 34.456533
106.209856 34.452273
106.213716 34.450890
106.224022 34.447198
106.238188 34.442123
106.252354 34.437048
106.255800 34.435814
106.269195 34.433911
106.270347 34.433747
106.284863 34.431685
106.300531 34.429459
106.316198 34.427233
106.331866 34.425007
106.347534 34.422781
106.363202 34.420555
106.365428 34.420238
106.381095 34.418012
106.386367 34.417263
106.396763 34.415786
106.412431 34.413560
106.428099 34.411334
106.430325 34.411018
106.445992 34.408792
106.452413 34.407880
106.462974 34.406379
106.463886 34.406249
106.479554 34.404023
106.495222 34.401797
106.510889 34.399571
106.526557 34.397345
106.528783 34.397029
106.544451 34.394803
106.560119 34.392577
106.574622 34.390516
106.582379 34.389414
106.598047 34.387188
106.613715 34.384962
106.615334 34.384732
106.625016 34.383356
106.640683 34.381130
106.642909 34.380814
106.648569 34.380010
106.649502 34.379877
106.665170 34.377651
106.722990 34.363640
106.733988 34.359701
106.737048 34.358605
106.737157 34.358566
106.742232 34.356748
106.752560 34.353049
106.753229 34.352809
106.767395 34.347735
106.770455 34.346639
106.770564 34.346600
106.784731 34.341525
106.789328 34.339879
106.795728 34.337586
106.809895 34.332512
106.814969 34.330694
106.829135 34.325620
106.834827 34.323581
106.843302 34.320546
106.857468 34.315472
106.862563 34.313647
106.871635 34.310397
106.885801 34.305323
106.897109 34.301273
106.899119 34.300553
106.901330 34.299761
106.914134 34.295174
106.926394 34.290783
106.927452 34.290404
106.941618 34.285330
106.960859 34.278438
106.964871 34.277001
106.970800 34.274877
106.984967 34.269803
106.979892 34.271621
106.979892 34.271621
106.989192 34.268290
107.003359 34.263215
107.017525 34.258141
107.022599 34.256323
107.036766 34.251249
107.050932 34.246175
107.057328 34.243884
107.069965 34.239357
107.073312 34.238159
107.075040 34.237540
107.089206 34.232466
107.092268 34.231369
107.094280 34.230648
107.104644 34.226936
107.107598 34.225878
107.112672 34.224060
107.116684 34.222623
107.122613 34.220499
107.127055 34.218908
107.127688 34.218682
107.141854 34.213608
107.156021 34.208533
107.170187 34.203459
107.175261 34.201642
107.180356 34.199817
107.189428 34.196567
107.203594 34.191493
107.210244 34.189111
107.216322 34.186934
107.222835 34.184601
107.226673 34.183226
107.231078 34.181648
107.245245 34.176574
107.256340 34.172600
107.268759 34.168666
107.271855 34.167685
107.285451 34.163378
107.297568 34.159540
107.299978 34.158777
107.314504 34.154176
107.329031 34.149574
107.332515 34.148470
107.347083 34.143856
107.355918 34.141057
107.370444 34.136456
107.384970 34.131854
107.397970 34.127736
107.406264 34.125109
107.406924 34.124900
107.410866 34.123652
107.423146 34.119762
107.425392 34.119050
107.430796 34.117338
107.439919 34.114449
107.452199 34.110559
107.454445 34.109847
107.466942 34.105889
107.469277 34.105149
107.473573 34.103788
107.481193 34.101374
107.488099 34.099187
107.493104 34.097601
107.502626 34.094585
107.510246 34.092171
107.517152 34.089984
107.522157 34.088398
107.531679 34.085382
107.542074 34.082089
107.548136 34.080169
107.550807 34.079323
107.563533 34.075292
107.565333 34.074722
107.579860 34.070120
107.594386 34.065519
107.597531 34.064522
107.598987 34.064061
107.601064 34.063403
107.602867 34.062832
107.617393 34.058231
107.621484 34.056935
107.628040 34.054858
107.630117 34.054200
107.631920 34.053629
107.645020 34.049480
107.647168 34.048799
107.648938 34.048600
107.658305 34.046990
107.670928 34.046124
107.670940 34.046123
107.687940 34.044957
107.700475 34.044097
107.703850 34.043866
107.719759 34.042775
107.720850 34.042700
107.736759 34.041609
107.739537 34.041418
107.752668 34.040517
107.767866 34.039475
107.769669 34.039351
107.785578 34.038260
107.801487 34.037169
107.817396 34.036078
107.833305 34.034986
107.849215 34.033895
107.865124 34.032804
107.881033 34.031713
107.882836 34.031589
107.895851 34.030696
107.908709 34.029814
107.911760 34.029605
107.927669 34.028514
107.943578 34.027423
107.948275 34.027101
107.959487 34.026331
107.972022 34.025471
107.975397 34.025240
107.991306 34.024149
108.007215 34.023058
108.012772 34.022677
108.023124 34.021966
108.039033 34.020875
108.052428 34.019956
108.057125 34.019634
108.073034 34.018543
108.088943 34.017452
108.104876 34.017645
108.113520 34.017899
108.121783 34.018141
108.129109 34.018356
108.137753 34.018610
108.145722 34.018844
108.153723 34.019078
108.160788 34.019285
108.168757 34.019519
108.180497 34.019864
108.185664 34.020015
108.188434 34.020096
108.201634 34.020484
108.213093 34.020820
108.217605 34.020952
108.233575 34.021420
108.233400 34.021415
108.240841 34.021634
108.249077 34.021875
108.256403 34.022090
108.265047 34.022344
108.272754 34.022570
108.281017 34.022812
108.288108 34.023020
108.296051 34.023253
108.304930 34.023514
108.312958 34.023749
108.328547 34.024207
108.328928 34.024218
108.329168 34.024225
108.344430 34.024672
108.355960 34.025011
108.359932 34.025127
108.375902 34.025595
108.391872 34.026064
108.403144 34.026395
108.408311 34.026546
108.411251 34.026632
108.424281 34.027015
108.432250 34.027249
108.440251 34.027483
108.456222 34.027951
108.455933 34.027943
108.471255 34.028392
108.487225 34.028861
108.503196 34.029329
108.519166 34.029798
108.535136 34.030266
108.551106 34.030735
108.567077 34.031203
108.571633 34.031337
108.583515 34.031685
108.595274 34.032030
108.599486 34.032154
108.617348 34.032027
108.617827 34.032012
108.624611 34.031801
108.633813 34.031515
108.649782 34.031019
108.665751 34.030522
108.681719 34.030026
108.697688 34.029529
108.713656 34.029033
108.729625 34.028536
108.745594 34.028040
108.761562 34.027543
108.777531 34.027047
108.793499 34.026550
108.809468 34.026054
108.825436 34.025557
108.841405 34.025061
108.857374 34.024564
108.873342 34.024067
108.889311 34.023571
108.905279 34.023074
108.921248 34.022578
108.937216 34.022081
108.944690 34.021849
108.953682 34.021569
108.962449 34.021297
108.969650 34.021073
108.976355 34.020864
108.985619 34.020576
108.994386 34.020304
109.001587 34.020080
109.008292 34.019871
109.017556 34.019583
109.026323 34.019311
109.033524 34.019087
109.040229 34.018878
109.049493 34.018590
109.057988 34.018326
109.065462 34.018094
109.072228 34.017883
109.081430 34.017597
109.092280 34.017260
109.275170 34.068359
109.282987 34.067544
109.282987 34.067544
109.283185 34.067523
109.287455 34.067078
109.280358 34.067818
109.287455 34.067078
109.289578 34.066857
109.289343 34.066882
109.287931 34.067029
109.286283 34.067201
109.302095 34.065553
109.304566 34.065295
109.317907 34.063905
109.333719 34.062257
109.349532 34.060609
109.365344 34.058961
109.381156 34.057313
109.396969 34.055665
109.404385 34.054893
109.406856 34.054635
109.422668 34.052987
109.438481 34.051339
109.454293 34.049691
109.470105 34.048043
109.485917 34.046395
109.493521 34.045603
109.507654 34.044130
109.523467 34.042482
109.539279 34.040834
109.540293 34.040729
109.540927 34.040663
109.556739 34.039015
109.572551 34.037367
109.588364 34.035719
109.604176 34.034071
109.619988 34.032423
109.635801 34.030775
109.651613 34.029127
109.665761 34.027652
109.683237 34.025831
109.699050 34.024183
109.713882 34.022638
109.724749 34.021505
109.740562 34.019857
109.756374 34.018209
109.772186 34.016561
109.772221 34.016558
109.778111 34.015944
109.782505 34.015638
109.796062 34.014695
109.827906 34.012705
109.839843 34.011959
109.843827 34.011710
109.845299 34.011618
109.849796 34.011337
109.850604 34.011287
109.860744 34.010653
109.876666 34.009659
109.886619 34.009037
109.898556 34.008291
109.914478 34.007296
109.930400 34.006301
109.946073 34.005323
109.956275 34.004685
109.972197 34.003690
109.988119 34.002695
109.989633 34.002600
109.995082 34.002260
110.011004 34.001266
110.026926 34.000271
110.034777 33.999922
110.037160 33.999784
110.053122 33.999199
110.069085 33.998614
110.076042 33.998359
110.085048 33.998030
110.101010 33.997445
110.114694 33.996944
110.116973 33.996860
110.132935 33.996275
110.148898 33.995690
110.162857 33.995179
110.164861 33.995106
110.180823 33.994521
110.181408 33.994500
110.197371 33.993915
110.210883 33.993420
110.213333 33.993330
110.229296 33.992745
110.230972 33.992684
110.234559 33.992552
110.236370 33.992486
110.245258 33.992160
110.259217 33.991649
110.266484 33.991383
110.282446 33.990798
110.282646 33.990791
110.293146 33.990406
110.309109 33.989821
110.313736 33.989652
110.325071 33.989237
110.341034 33.988652
110.356997 33.988067
110.367589 33.987679
110.372959 33.987482
110.388922 33.986897
110.395675 33.986650
110.404884 33.986313
110.408863 33.986167
110.420847 33.985728
110.421073 33.985720
110.427864 33.985471
110.443827 33.984886
110.459789 33.984301
110.460148 33.984288
110.469319 33.983952
110.485282 33.983367
110.487897 33.983271
110.492299 33.983110
110.506636 33.982532
110.516192 33.982087
110.522847 33.981650
110.532107 33.981043
110.538875 33.980599
110.548023 33.979998
110.563938 33.978954
110.563997 33.978950
110.564982 33.978886
110.577741 33.978048
110.580898 33.977841
110.588185 33.977363
110.596813 33.976797
110.603103 33.976384
110.612729 33.975752
110.628644 33.974708
110.635870 33.974234
110.642221 33.973817
110.643035 33.973764
110.644560 33.973664
110.660475 33.972619
110.676391 33.971575
110.679033 33.971402
110.692306 33.970531
110.705580 33.969659
110.708222 33.969486
110.725182 33.968373
110.741097 33.967329
110.757013 33.966285
110.772928 33.965240
110.782250 33.964629
110.788594 33.964212
110.795204 33.963778
110.804759 33.963151
110.805803 33.963083
110.806433 33.963042
110.820425 33.962123
110.821469 33.962055
110.827672 33.961648
110.837634 33.960994
110.847347 33.960357
110.853300 33.959966
110.859503 33.959559
110.869465 33.958905
110.879178 33.958268
110.885381 33.957861
110.897444 33.957070
110.901296 33.956817
110.917212 33.955772
110.933127 33.954728
110.936125 33.954531
110.949837 33.953631
110.950882 33.953563
110.954842 33.953303
110.964958 33.952639
110.976793 33.951863
110.980874 33.951595
110.986673 33.951214
110.996789 33.950550
111.008624 33.949774
111.014544 33.949385
111.017080 33.949219
111.031077 33.949161
111.047061 33.949095
111.063045 33.949029
111.079029 33.948963
111.084192 33.948942
111.093823 33.948902
111.097988 33.948885
111.109807 33.948836
111.125790 33.948770
111.138798 33.948715
111.141774 33.948703
111.157758 33.948637
111.173742 33.948571
111.189725 33.948505
111.205709 33.948439
111.221693 33.948373
111.237677 33.948307
111.249092 33.948260
111.253660 33.948241
111.269644 33.948175
111.285628 33.948109
111.301612 33.948043
111.317595 33.947977
111.333579 33.947910
111.349563 33.947844
111.365546 33.947778
111.381530 33.947712
111.395130 33.947656
111.395725 33.947456
111.410089 33.942632
111.424453 33.937809
111.438817 33.932985
111.453181 33.928161
111.455659 33.927329
111.467545 33.923337
111.477469 33.920005
111.481910 33.918514
111.496274 33.913690
111.501097 33.912070
111.515462 33.907246
111.529826 33.902423
111.544190 33.897599
111.558554 33.892775
111.563378 33.891155
111.577742 33.886331
111.592106 33.881508
111.596930 33.879888
111.611294 33.875064
111.625289 33.870364
111.625658 33.870240
111.640022 33.865416
111.643914 33.864110
111.669500 33.855517
111.683864 33.850693
111.698227 33.845870
111.712592 33.841046
111.720241 33.838477
111.721490 33.838058
111.735854 33.833234
111.740678 33.831614
111.750722 33.828242
111.760508 33.824955
111.774872 33.820131
111.779192 33.818680
111.783770 33.817143
111.788594 33.815523
111.797342 33.812586
111.802958 33.810700
111.817322 33.805876
111.827817 33.802351
111.836510 33.799432
111.845258 33.796495
111.850874 33.794609
111.865238 33.789785
111.870343 33.788071
111.884426 33.783341
111.895136 33.779745
111.913796 33.773478
111.928161 33.768654
111.930097 33.768004
111.932342 33.767250
111.944702 33.763100
111.946706 33.762427
111.961071 33.757603
111.965894 33.755983
111.978165 33.751862
111.980258 33.751159
111.994623 33.746335
112.002075 33.743833
112.004805 33.742916
112.023993 33.736472
112.033953 33.733128
112.042539 33.730244
112.046376 33.728956
112.047362 33.728625
112.060839 33.724109
112.061752 33.723803
112.070379 33.720916
112.081221 33.717288
112.108381 33.708198
112.109685 33.707762
112.111087 33.707293
112.124060 33.702952
112.141373 33.697158
112.143244 33.696532
112.145061 33.695924
112.145061 33.695924
112.157618 33.691722
112.170176 33.687519
112.171993 33.686911
112.175111 33.685868
112.175111 33.685868
112.186367 33.682101
112.201390 33.677073
112.181284 33.683802
112.201390 33.677073
112.205551 33.675681
112.219926 33.670870
112.239110 33.664450
112.253484 33.659640
112.268722 33.654541
112.282517 33.649924
112.296891 33.645114
112.325640 33.635493
112.337657 33.631472
112.349351 33.627558
112.363725 33.622748
112.382909 33.616328
112.385347 33.615512
112.387947 33.614642
112.403878 33.609311
112.411658 33.606707
112.416148 33.605205
112.416468 33.605098
112.417672 33.604695
112.430842 33.600287
112.443561 33.596031
112.445217 33.595477
112.459591 33.590667
112.478776 33.584246
112.480536 33.583657
112.497960 33.577826
112.512334 33.573016
112.531909 33.566465
112.541310 33.563319
112.555430 33.558594
112.560617 33.557007
112.560633 33.557002
112.567860 33.554791
112.580587 33.550898
112.581578 33.550595
112.594337 33.546691
112.608089 33.542484
112.608953 33.542220
112.623569 33.537749
112.628041 33.536381
112.642657 33.531909
112.657273 33.527438
112.664338 33.525276
112.671889 33.522966
112.679440 33.520656
112.691842 33.516862
112.706458 33.512391
112.711518 33.510843
112.720209 33.508184
112.733961 33.503977
112.734825 33.503713
112.739296 33.502345
112.753912 33.497874
112.768528 33.493402
112.783145 33.488931
112.789346 33.487034
112.797761 33.484459
112.801612 33.483281
112.803098 33.482827
112.817714 33.478355
112.832330 33.473884
112.833209 33.473615
112.846080 33.469677
112.862889 33.464535
112.862889 33.464535
112.865168 33.463838
112.879784 33.459367
112.894400 33.454895
112.909016 33.450424
112.913488 33.449056
112.914558 33.448729
112.928104 33.444584
112.942232 33.440262
112.942720 33.440113
112.961807 33.434274
112.976424 33.429802
112.991040 33.425331
112.995511 33.423963
113.010127 33.419492
113.024743 33.415020
113.029215 33.413652
113.043831 33.409181
113.044809 33.408882
113.058447 33.404709
113.061597 33.403746
113.062918 33.403342
113.073665 33.400054
113.077534 33.398870
113.088547 33.395501
113.092150 33.394399
113.096622 33.393031
113.113568 33.387048
113.125298 33.379984
113.132362 33.375731
113.134882 33.374213
113.144092 33.368667
113.146763 33.367059
113.158346 33.360084
113.166150 33.355385
113.174617 33.350286
113.178250 33.348099
113.188871 33.341704
113.200601 33.334640
113.219396 33.323323
113.227200 33.318624
113.235667 33.313525
113.247398 33.306462
113.254462 33.302208
113.258388 33.299844
113.265966 33.295281
113.266192 33.295145
113.284986 33.283828
113.296717 33.276764
113.315511 33.265447
113.318594 33.263591
113.327242 33.258384
113.346036 33.247067
113.357767 33.240003
113.372133 33.227078
113.387169 33.210247
113.402205 33.193416
113.405247 33.190011
113.409299 33.185474
113.417319 33.176496
113.422323 33.170894
113.425124 33.167759
113.431429 33.160701
113.436878 33.154601
113.442488 33.148321
113.445858 33.144549
113.445858 33.144549
113.446465 33.143870
113.460842 33.127775
113.461500 33.127039
113.461964 33.126520
113.468595 33.119098
113.475737 33.111102
113.475737 33.111102
113.483630 33.102266
113.505760 33.077494
113.513702 33.068604
113.515358 33.066750
113.530408 33.049902
113.535831 33.043832
113.539450 33.039781
113.542926 33.035890
113.552518 33.025152
113.557961 33.019059
113.572997 33.002228
113.580091 32.994286
113.580099 32.994278
113.589410 32.983855
113.590690 32.982422
113.594004 32.979802
113.599054 32.975810
113.599055 32.975809
113.608892 32.968033
113.616668 32.961885
113.624444 32.955738
113.642057 32.941814
113.644222 32.940103
113.649833 32.935667
113.650307 32.935292
113.657609 32.929519
113.667446 32.921743
113.669018 32.920500
113.672231 32.917960
113.682068 32.910184
113.689844 32.904037
113.699681 32.896260
113.707457 32.890113
113.712673 32.885990
113.718224 32.881601
113.724160 32.876908
113.734970 32.868362
113.735837 32.867677
113.743613 32.861530
113.746364 32.859355
113.753450 32.853754
113.759605 32.848888
113.761226 32.847606
113.778839 32.833683
113.786615 32.827535
113.787865 32.826547
113.794374 32.821402
113.794374 32.821402
113.796452 32.819759
113.802500 32.814978
113.804228 32.813612
113.808264 32.810421
113.814065 32.805835
113.818651 32.802210
113.825031 32.797166
113.842644 32.783242
113.852480 32.775466
113.855190 32.773324
113.857066 32.771841
113.869870 32.761719
114.122860 32.591797
114.134259 32.587577
114.139463 32.585650
114.147349 32.582730
114.153520 32.580445
114.172782 32.573313
114.176598 32.571900
114.186839 32.568109
114.197565 32.564137
114.200896 32.562904
114.206101 32.560977
114.220158 32.555772
114.224411 32.554198
114.225955 32.553626
114.239419 32.548641
114.253476 32.543436
114.261478 32.540474
114.272204 32.536502
114.282445 32.532711
114.286795 32.531100
114.300852 32.525895
114.304330 32.524607
114.305522 32.524166
114.310727 32.522239
114.324784 32.517034
114.336673 32.512633
114.344096 32.509884
114.348228 32.508354
114.353938 32.506176
114.363698 32.502415
114.367855 32.500813
114.377562 32.497072
114.381773 32.495449
114.387136 32.493383
114.400188 32.488353
114.401053 32.488019
114.414970 32.482656
114.432751 32.475804
114.434251 32.475226
114.448168 32.469863
114.462085 32.464500
114.462224 32.464446
114.467448 32.462433
114.470636 32.461205
114.481366 32.457070
114.495283 32.451707
114.504143 32.448292
114.509200 32.446343
114.514432 32.444327
114.514563 32.444277
114.514749 32.444205
114.527080 32.439453
114.818182 31.000000
114.802198 31.000000
114.786214 31.000000
114.770230 31.000000
114.754246 31.000000
114.738262 31.000000
114.722278 31.000000
114.706294 31.000000
114.690310 31.000000
114.674326 31.000000
114.658342 31.000000
114.642358 31.000000
114.626374 31.000000
114.610390 31.000000
114.594406 31.000000
114.578422 31.000000
114.562438 31.000000
114.546454 31.000000
114.530470 31.000000
114.514486 31.000000
114.498501 31.000000
114.482517 31.000000
114.466533 31.000000
114.450549 31.000000
114.434565 31.000000
114.418581 31.000000
114.402597 31.000000
114.386613 31.000000
114.370629 31.000000
114.354645 31.000000
114.322677 31.000000
114.306693 31.000000
114.290709 31.000000
114.274725 31.000000
114.258741 31.000000
114.242757 31.000000
114.226773 31.000000
114.210789 31.000000
114.194805 31.000000
114.178821 31.000000
114.162837 31.000000
114.146853 31.000000
114.130869 31.000000
114.114885 31.000000
114.098901 31.000000
114.082917 31.000000
114.066933 31.000000
114.050949 31.000000
114.034965 31.000000
114.018981 31.000000
114.002997 31.000000
113.987013 31.000000
113.971029 31.000000
113.939061 31.000000
113.923077 31.000000
113.891109 31.000000
113.875125 31.000000
113.859141 31.000000
113.843157 31.000000
113.811189 31.000000
113.795205 31.000000
113.779221 31.000000
113.763237 31.000000
113.747253 31.000000
113.731269 31.000000
113.715285 31.000000
113.699301 31.000000
113.683317 31.000000
113.667333 31.000000
113.651349 31.000000
113.635365 31.000000
113.619381 31.000000
113.603397 31.000000
113.587413 31.000000
113.571429 31.000000
113.555445 31.000000
113.539461 31.000000
113.523477 31.000000
113.507493 31.000000
113.491508 31.000000
113.475524 31.000000
113.459540 31.000000
113.443556 31.000000
113.427572 31.000000
113.411588 31.000000
113.395604 31.000000
113.379620 31.000000
113.363636 31.000000
113.347652 31.000000
113.331668 31.000000
113.315684 31.000000
113.299700 31.000000
113.283716 31.000000
113.267732 31.000000
113.251748 31.000000
113.235764 31.000000
113.219780 31.000000
113.203796 31.000000
113.187812 31.000000
113.171828 31.000000
113.155844 31.000000
113.139860 31.000000
113.123876 31.000000
113.107892 31.000000
113.091908 31.000000
113.075924 31.000000
113.059940 31.000000
113.043956 31.000000
113.027972 31.000000
113.011988 31.000000
112.996004 31.000000
112.980020 31.000000
112.964036 31.000000
112.948052 31.000000
112.932068 31.000000
112.916084 31.000000
112.900100 31.000000
112.884116 31.000000
112.868132 31.000000
112.852148 31.000000
112.836164 31.000000
112.820180 31.000000
112.804196 31.000000
112.788212 31.000000
112.772228 31.000000
112.756244 31.000000
112.740260 31.000000
112.724276 31.000000
112.708292 31.000000
112.692308 31.000000
112.676324 31.000000
112.660340 31.000000
112.644356 31.000000
112.628372 31.000000
112.612388 31.000000
112.596404 31.000000
112.580420 31.000000
112.564436 31.000000
112.548452 31.000000
112.532468 31.000000
112.516484 31.000000
112.500500 31.000000
112.484515 31.000000
112.468531 31.000000
112.452547 31.000000
112.436563 31.000000
112.420579 31.000000
112.404595 31.000000
112.388611 31.000000
112.372627 31.000000
112.356643 31.000000
112.340659 31.000000
112.324675 31.000000
112.308691 31.000000
112.292707 31.000000
112.276723 31.000000
112.260739 31.000000
112.244755 31.000000
112.228771 31.000000
112.212787 31.000000
112.196803 31.000000
112.180819 31.000000
112.148851 31.000000
112.132867 31.000000
112.116883 31.000000
112.100899 31.000000
112.084915 31.000000
112.068931 31.000000
112.052947 31.000000
112.036963 31.000000
112.020979 31.000000
112.004995 31.000000
111.989011 31.000000
111.973027 31.000000
111.957043 31.000000
111.941059 31.000000
111.925075 31.000000
111.909091 31.000000
111.893107 31.000000
111.877123 31.000000
111.861139 31.000000
111.845155 31.000000
111.829171 31.000000
111.813187 31.000000
111.797203 31.000000
111.781219 31.000000
111.765235 31.000000
111.749251 31.000000
111.733267 31.000000
111.717283 31.000000
111.701299 31.000000
111.685315 31.000000
111.669331 31.000000
111.653347 31.000000
111.637363 31.000000
111.621379 31.000000
111.605395 31.000000
111.589411 31.000000
111.573427 31.000000
111.557443 31.000000
111.541459 31.000000
111.525475 31.000000
111.509491 31.000000
111.493506 31.000000
111.477522 31.000000
111.461538 31.000000
111.445554 31.000000
111.429570 31.000000
111.413586 31.000000
111.397602 31.000000
111.381618 31.000000
111.365634 31.000000
111.349650 31.000000
111.333666 31.000000
111.317682 31.000000
111.301698 31.000000
111.285714 31.000000
111.269730 31.000000
111.253746 31.000000
111.237762 31.000000
111.221778 31.000000
111.205794 31.000000
111.189810 31.000000
111.173826 31.000000
111.157842 31.000000
111.141858 31.000000
111.125874 31.000000
111.109890 31.000000
111.093906 31.000000
110.966034 31.000000
110.950050 31.000000
110.934066 31.000000
110.918082 31.000000
110.902098 31.000000
110.886114 31.000000
110.870130 31.000000
110.854146 31.000000
110.838162 31.000000
110.822178 31.000000
110.806194 31.000000
110.790210 31.000000
110.774226 31.000000
110.758242 31.000000
110.742258 31.000000
110.726274 31.000000
110.710290 31.000000
110.694306 31.000000
110.465190 32.157497
110.454482 32.162880
110.441722 32.169294
110.428962 32.175708
110.422548 32.178932
110.409788 32.185346
110.397028 32.191760
110.384268 32.198174
110.377854 32.201398
110.365094 32.207812
110.352334 32.214226
110.339574 32.220640
110.326815 32.227054
110.314055 32.233468
110.307641 32.236692
110.294881 32.243107
110.282121 32.249521
110.280630 32.250270
109.885590 32.435814
109.881808 32.437210
109.867740 32.442401
109.834412 32.454700
109.820344 32.459892
109.806276 32.465083
109.801084 32.466999
109.787016 32.472191
109.772948 32.477382
109.766089 32.479914
109.766250 32.479854
109.761058 32.481770
109.746990 32.486962
109.741799 32.488878
109.744435 32.487905
109.739620 32.489681
109.729553 32.493396
109.727730 32.494069
109.713662 32.499261
109.708471 32.501177
109.710554 32.500408
109.697416 32.505256
109.694078 32.506488
109.694403 32.506368
109.683340 32.510451
109.664341 32.516757
109.675143 32.513476
109.662483 32.517321
109.656830 32.519038
109.649684 32.521207
109.635049 32.525651
109.626344 32.528294
109.628770 32.527558
109.614135 32.532001
109.595057 32.537794
109.607791 32.533927
109.601336 32.535887
109.586701 32.540331
109.577996 32.542974
109.580422 32.542238
109.565787 32.546681
109.561343 32.548031
109.563052 32.547512
109.557432 32.549218
109.548794 32.551841
109.546709 32.552474
109.532074 32.556918
109.512996 32.562711
109.498361 32.567154
109.490920 32.569414
109.484258 32.571436
109.469623 32.575880
109.464105 32.577556
109.454456 32.580485
109.439822 32.584929
109.425187 32.589373
109.420743 32.590722
109.413328 32.591542
109.397411 32.592573
109.381494 32.593604
109.367128 32.594535
109.359970 32.594999
109.344053 32.596030
109.328136 32.597061
109.327568 32.597098
109.317825 32.597729
109.301907 32.598760
109.301327 32.598798
109.295270 32.599190
109.279353 32.600221
109.263436 32.601252
109.247519 32.602283
109.240099 32.602764
109.237207 32.602951
109.236500 32.602997
109.230570 32.603381
109.214653 32.604412
109.204985 32.605039
109.204342 32.605080
109.188425 32.606112
109.186180 32.606257
108.813820 32.824164
108.809961 32.827154
108.802222 32.833149
108.797632 32.836705
108.796460 32.837613
108.794883 32.838835
108.795339 32.838482
108.792233 32.840888
108.782245 32.848627
108.774506 32.854622
108.764518 32.862361
108.767588 32.859982
108.758756 32.866824
108.751017 32.872820
108.741029 32.880558
108.731040 32.888297
108.723302 32.894292
108.713313 32.902031
108.707762 32.906332
108.699097 32.913044
108.681370 32.926778
108.674580 32.932039
108.396110 33.039914
108.388109 33.043441
108.382209 33.046041
108.368825 33.051941
108.355442 33.057840
108.336159 33.066340
108.322775 33.072239
108.309391 33.078138
108.290108 33.086638
108.276725 33.092537
108.263341 33.098437
108.257442 33.101037
108.244058 33.106936
108.230674 33.112836
108.243520 33.107173
108.242032 33.107829
108.228649 33.113728
108.216534 33.119069
108.217291 33.118735
108.211391 33.121335
108.198008 33.127235
108.185640 33.132686
108.173557 33.136805
108.154355 33.143351
108.140035 33.148233
108.125716 33.153115
108.111396 33.157997
108.106514 33.159661
108.092194 33.164543
108.077875 33.169424
108.066573 33.173277
108.064857 33.173862
108.050537 33.178744
108.046410 33.180151
107.722610 33.242718
107.721279 33.242718
107.705295 33.242718
107.689311 33.242718
107.673327 33.242718
107.657343 33.242718
107.641359 33.242718
107.625375 33.242718
107.609391 33.242718
107.593407 33.242718
107.577423 33.242718
107.561439 33.242718
107.545455 33.242718
107.529471 33.242718
107.513487 33.242718
107.497502 33.242718
107.481518 33.242718
107.449550 33.242718
107.417582 33.242718
107.401598 33.242718
107.385614 33.242718
107.369630 33.242718
107.353646 33.242718
107.337662 33.242718
107.321678 33.242718
107.305694 33.242718
107.289710 33.242718
107.273726 33.242718
107.257742 33.242718
107.241758 33.242718
107.225774 33.242718
107.209790 33.242718
107.193806 33.242718
107.177822 33.242718
107.161838 33.242718
107.145854 33.242718
107.126901 33.241078
107.111172 33.239073
107.120798 33.240300
107.112867 33.239289
107.097139 33.237284
107.081410 33.235279
107.065682 33.233274
107.064594 33.233135
107.079715 33.235063
107.063987 33.233058
107.048258 33.231054
107.032530 33.229049
107.001073 33.225039
106.985345 33.223034
106.969616 33.221029
106.938159 33.217020
106.922431 33.215015
106.906702 33.213010
106.890974 33.211005
106.884871 33.210227
106.876940 33.209216
106.875929 33.209087
106.875245 33.209000
106.859517 33.206996
106.843788 33.204991
106.853414 33.206218
106.845483 33.205207
106.829755 33.203202
106.814026 33.201197
106.798298 33.199192
106.797210 33.199053
106.812331 33.200981
106.796603 33.198976
106.782080 33.197126
106.767400 33.195254
106.762809 33.195140
106.762803 33.195139
106.746828 33.194741
106.752066 33.194872
106.744039 33.194671
106.738670 33.194537
106.730854 33.194342
106.721187 33.194101
106.711693 33.193864
106.699158 33.193552
106.698906 33.193546
106.699305 33.193555
106.683331 33.193157
106.674203 33.192930
106.663771 33.192669
106.656835 33.192496
106.651382 33.192360
106.635408 33.191962
106.619434 33.191563
106.603460 33.191165
106.587486 33.190766
106.571512 33.190368
106.555538 33.189970
106.562384 33.190141
106.551952 33.189880
106.545106 33.189709
106.539564 33.189571
106.523590 33.189173
106.507616 33.188774
106.491642 33.188376
106.459694 33.187579
106.443719 33.187180
106.427745 33.186782
106.411771 33.186384
106.395797 33.185985
106.379823 33.185587
106.386669 33.185758
106.376237 33.185497
106.369391 33.185326
106.363849 33.185188
106.347875 33.184790
106.354721 33.184961
106.344289 33.184700
106.337443 33.184529
106.331901 33.184391
106.315927 33.183993
106.299953 33.183594
106.283979 33.183196
106.268005 33.182798
106.274851 33.182969
106.264419 33.182708
106.257573 33.182537
106.252031 33.182399
106.236056 33.182001
106.220082 33.181602
106.204108 33.181204
106.210954 33.181375
106.200522 33.181114
106.193676 33.180943
106.188134 33.180805
106.152078 33.180663
106.188117 33.180805
106.184548 33.180716
106.168574 33.180317
106.159554 33.180273
106.143614 33.181104
106.132534 33.181682
106.136137 33.181494
106.120196 33.182324
106.104256 33.183155
106.115576 33.182565
106.111732 33.182765
106.095791 33.183596
106.079851 33.184427
106.068771 33.185005
106.056433 33.185647
106.040493 33.186478
106.051813 33.185888
106.047969 33.186088
106.032029 33.186919
106.020949 33.187497
106.024552 33.187309
106.008611 33.188139
105.992671 33.188970
105.988640 33.189180
105.984206 33.189411
105.971476 33.190075
105.976730 33.189801
105.961620 33.190588
105.945679 33.191419
105.929738 33.192250
105.913798 33.193080
105.897857 33.193911
105.881916 33.194742
105.865975 33.195573
105.850035 33.196403
105.834094 33.197234
105.818153 33.198065
105.802213 33.198896
105.786272 33.199726
105.770331 33.200557
105.778271 33.200143
105.775315 33.200297
105.759375 33.201128
105.752148 33.201505
105.754390 33.201388
105.738450 33.202218
105.722509 33.203049
105.706568 33.203880
105.690627 33.204711
105.674687 33.205541
105.658746 33.206372
105.642805 33.207203
105.626865 33.208034
105.610924 33.208864
105.594983 33.209695
105.582300 33.210356
105.205031 33.349203
105.211085 33.356141
105.213972 33.359450
105.214112 33.359610
105.222745 33.369503
105.226276 33.373550
105.228940 33.376603
105.228942 33.376605
105.232600 33.380798
105.235136 33.384492
105.237028 33.387249
105.237030 33.387251
105.242150 33.394709
105.243162 33.396183
105.245377 33.399409
105.251823 33.408799
105.254729 33.413031
105.262187 33.423895
105.267551 33.431709
105.270534 33.436053
105.277992 33.446917
105.278757 33.448031
105.282224 33.453081
105.289682 33.463944
105.294802 33.471403
105.302260 33.482266
105.303186 33.483615
105.309718 33.493130
105.310480 33.494240
105.314839 33.500588
105.322297 33.511452
105.327194 33.518585
105.334875 33.529774
105.340479 33.537936
105.342334 33.540638
105.350197 33.552092
105.354912 33.558960
105.362370 33.569824
105.369828 33.580688
105.374905 33.588034
105.381267 33.597204
105.382391 33.598823
105.389514 33.609088
105.394005 33.615559
105.389514 33.609088
105.389878 33.609612
105.394054 33.615630
105.395073 33.617098
105.396771 33.619545
105.401491 33.626348
105.414173 33.644624
105.421659 33.655413
105.421773 33.655577
105.422727 33.656952
105.430214 33.667741
105.437701 33.678530
105.445187 33.689319
105.452674 33.700108
105.457035 33.706393
105.457869 33.707595
105.465355 33.718384
105.470316 33.725533
105.472842 33.729173
105.476519 33.734473
105.482164 33.742607
105.485973 33.748096
105.487815 33.750751
105.492176 33.757036
105.493010 33.758238
105.500496 33.769027
105.506141 33.777161
105.507983 33.779816
105.511060 33.784250
105.758491 34.576652
105.758491 34.576652
105.758491 34.576652
105.761836 34.576090
105.764099 34.575710
105.786969 34.571867
105.784942 34.572208
105.802133 34.569319
105.817679 34.566707
105.833224 34.564095
105.848769 34.561483
105.851381 34.561044
105.866926 34.558432
105.882471 34.555820
105.898016 34.553208
105.905369 34.551972
105.908591 34.551431
105.906202 34.551833
105.913561 34.550596
105.914430 34.550450
105.914430 34.550450
105.921524 34.549258
105.980238 34.534530
105.982974 34.533549
106.005398 34.525516
106.010482 34.523695
106.021681 34.519683
106.034490 34.515095
106.038805 34.513549
106.052971 34.508474
106.067137 34.503399
106.069410 34.502585
106.073270 34.501202
106.077204 34.499793
106.077287 34.499763
106.082362 34.497945
106.077333 34.499747
106.091453 34.494689
106.096528 34.492871
106.104482 34.490022
106.106677 34.489235
106.120843 34.484160
106.135009 34.479085
106.136410 34.478583
106.139026 34.477646
