105.174788 34.674139
105.177387 34.673706
105.181710 34.672986
105.192940 34.671116
105.208492 34.668525
105.217276 34.667062
105.224045 34.665934
105.229235 34.665070
105.239597 34.663344
105.252436 34.661205
105.255150 34.660753
105.270702 34.658162
105.286255 34.655571
105.295598 34.654015
105.301799 34.652982
105.317351 34.650391
105.332464 34.647874
105.335503 34.647368
105.351055 34.644777
105.366608 34.642186
105.382160 34.639596
105.397712 34.637005
105.397827 34.636986
105.400303 34.636574
105.415856 34.633983
105.421028 34.633121
105.431408 34.631392
105.446961 34.628801
105.448689 34.628513
105.457323 34.627075
105.461206 34.626428
105.465104 34.625779
105.478068 34.623620
105.480656 34.623189
105.489241 34.621759
105.498799 34.620166
105.503122 34.619446
105.503981 34.619303
105.516363 34.617241
105.532495 34.614553
105.542864 34.612826
105.550638 34.611531
105.566191 34.608940
105.581743 34.606350
105.597308 34.603735
105.599920 34.603296
105.615465 34.600684
105.631010 34.598072
105.633622 34.597634
105.649167 34.595022
105.664712 34.592410
105.682870 34.589359
105.695480 34.587240
105.698415 34.586747
105.701027 34.586308
105.716572 34.583696
105.734729 34.580645
105.750274 34.578033
105.752886 34.577594
105.768431 34.574982
105.783976 34.572370
105.784942 34.572208
105.786969 34.571867
105.758491 34.576652
105.511060 33.784250
105.507983 33.779816
105.500496 33.769027
105.493010 33.758238
105.487815 33.750751
105.480328 33.739962
105.472842 33.729173
105.465355 33.718384
105.457869 33.707595
105.452674 33.700108
105.445187 33.689319
105.437701 33.678530
105.430214 33.667741
105.422727 33.656952
105.417532 33.649466
105.421773 33.655577
105.421659 33.655413
105.414173 33.644624
105.401491 33.626348
105.396771 33.619545
105.395073 33.617098
105.389878 33.609612
105.382391 33.598823
105.374905 33.588034
105.369828 33.580688
105.362370 33.569824
105.354912 33.558960
105.342334 33.540638
105.334875 33.529774
105.322297 33.511452
105.314839 33.500588
105.309718 33.493130
105.302260 33.482266
105.294802 33.471403
105.289682 33.463944
105.282224 33.453081
105.278757 33.448031
105.277992 33.446917
105.270534 33.436053
105.267551 33.431709
105.269645 33.434759
105.262187 33.423895
105.254729 33.413031
105.251823 33.408799
105.245377 33.399409
105.243162 33.396183
105.249608 33.405573
105.242150 33.394709
105.237030 33.387251
105.237028 33.387249
105.235136 33.384492
105.232600 33.380798
105.228942 33.376605
105.228940 33.376603
105.214112 33.359610
105.207611 33.352160
105.206194 33.350536
105.199285 33.342617
105.191366 33.333543
105.183448 33.324468
105.176539 33.316550
105.182443 33.323316
105.178457 33.318748
105.174521 33.314237
105.166602 33.305162
105.161981 33.299866
105.153793 33.290482
105.145875 33.281407
105.138965 33.273489
105.131047 33.264414
105.124138 33.256496
105.116219 33.247421
105.108301 33.238346
105.100383 33.229271
105.093473 33.221353
105.086564 33.213435
105.078646 33.204360
105.070779 33.195345
105.070700 33.195254
104.837560 32.839266
104.836690 32.836788
104.831692 32.822560
104.829936 32.817562
104.824938 32.803334
104.819940 32.789105
104.818184 32.784107
104.813186 32.769879
104.808188 32.755651
104.806432 32.750653
104.806478 32.750785
104.804946 32.746421
104.799948 32.732192
104.794950 32.717964
104.794904 32.717832
104.794681 32.717198
104.789682 32.702970
104.782929 32.683743
104.777931 32.669515
104.772933 32.655287
104.771177 32.650289
104.765091 32.633990
104.758721 32.621171
104.752352 32.608352
104.744990 32.593539
104.742777 32.589085
104.736407 32.576266
104.730037 32.563448
104.726872 32.557078
104.720502 32.544259
104.717213 32.537641
104.720541 32.544338
104.714171 32.531519
104.701431 32.505882
104.712605 32.528369
104.710967 32.525071
104.704597 32.512252
104.698227 32.499433
104.691841 32.486584
104.685526 32.473875
104.679156 32.461056
104.669621 32.441868
104.663251 32.429049
104.656881 32.416230
104.647346 32.397042
104.640976 32.384223
104.637810 32.377853
104.631440 32.365035
104.625070 32.352216
104.621905 32.345846
104.615535 32.333028
104.609165 32.320209
104.601176 32.306796
104.593308 32.297403
104.586717 32.289534
104.578849 32.280141
104.570980 32.270748
104.566951 32.265938
104.563112 32.261355
104.555244 32.251962
104.547376 32.242569
104.543876 32.238391
104.542062 32.236226
104.535471 32.228358
104.527602 32.218965
104.513143 32.201703
104.505275 32.192311
104.498684 32.184442
104.490816 32.175049
104.484224 32.167181
104.476356 32.157788
104.469765 32.149920
104.461897 32.140527
104.447438 32.123266
104.454722 32.131962
104.448920 32.125035
104.441052 32.115642
104.434461 32.107774
104.431563 32.104315
104.425110 32.096611
104.418519 32.088743
104.410651 32.079350
104.404060 32.071482
104.402969 32.070179
104.397674 32.063858
104.389805 32.054465
104.381937 32.045072
104.375346 32.037204
104.371290 32.032362
104.236763 31.000000
104.220779 31.000000
104.204795 31.000000
104.188811 31.000000
104.172827 31.000000
104.156843 31.000000
104.140859 31.000000
104.092907 31.000000
104.076923 31.000000
104.060939 31.000000
104.044955 31.000000
104.028971 31.000000
104.012987 31.000000
103.997003 31.000000
103.981019 31.000000
103.965035 31.000000
103.949051 31.000000
103.933067 31.000000
103.917083 31.000000
103.901099 31.000000
103.885115 31.000000
103.869131 31.000000
103.853147 31.000000
103.837163 31.000000
103.821179 31.000000
103.805195 31.000000
103.789211 31.000000
102.078921 31.000000
102.062937 31.000000
102.046953 31.000000
102.030969 31.000000
102.014985 31.000000
101.999001 31.000000
101.983017 31.000000
101.967033 31.000000
101.951049 31.000000
101.935065 31.000000
101.919081 31.000000
101.903097 31.000000
101.887113 31.000000
101.871129 31.000000
101.855145 31.000000
101.839161 31.000000
101.823177 31.000000
101.807193 31.000000
101.791209 31.000000
101.775225 31.000000
101.759241 31.000000
101.743257 31.000000
101.727273 31.000000
101.711289 31.000000
101.695305 31.000000
101.679321 31.000000
101.663337 31.000000
101.647353 31.000000
101.631369 31.000000
101.615385 31.000000
101.599401 31.000000
101.583417 31.000000
101.567433 31.000000
101.551449 31.000000
101.535465 31.000000
101.519481 31.000000
101.503497 31.000000
101.487512 31.000000
101.471528 31.000000
101.455544 31.000000
101.439560 31.000000
101.423576 31.000000
101.407592 31.000000
101.391608 31.000000
101.375624 31.000000
101.359640 31.000000
101.343656 31.000000
101.327672 31.000000
101.311688 31.000000
101.295704 31.000000
101.279720 31.000000
101.263736 31.000000
101.247752 31.000000
101.231768 31.000000
101.215784 31.000000
101.199800 31.000000
101.183816 31.000000
101.167832 31.000000
101.151848 31.000000
101.135864 31.000000
101.119880 31.000000
101.103896 31.000000
101.087912 31.000000
101.071928 31.000000
101.055944 31.000000
101.039960 31.000000
101.023976 31.000000
101.007992 31.000000
100.992008 31.000000
100.976024 31.000000
100.960040 31.000000
100.944056 31.000000
100.928072 31.000000
100.912088 31.000000
100.896104 31.000000
100.880120 31.000000
100.864136 31.000000
100.848152 31.000000
100.832168 31.000000
100.816184 31.000000
100.800200 31.000000
100.784216 31.000000
100.768232 31.000000
100.752248 31.000000
100.736264 31.000000
100.720280 31.000000
100.704296 31.000000
100.688312 31.000000
100.672328 31.000000
100.656344 31.000000
100.640360 31.000000
100.624376 31.000000
100.608392 31.000000
100.592408 31.000000
100.576424 31.000000
100.560440 31.000000
100.544456 31.000000
100.528472 31.000000
100.512488 31.000000
100.496503 31.000000
100.480519 31.000000
100.464535 31.000000
100.448551 31.000000
100.432567 31.000000
100.416583 31.000000
100.400599 31.000000
100.384615 31.000000
100.368631 31.000000
100.352647 31.000000
100.336663 31.000000
100.320679 31.000000
100.304695 31.000000
100.288711 31.000000
100.272727 31.000000
100.256743 31.000000
100.240759 31.000000
100.000000 31.000000
100.000000 31.011988
100.000000 31.027972
100.000000 31.043956
100.000000 31.059940
100.000000 31.075924
100.000000 31.091908
100.000000 31.107892
100.000000 31.123876
100.000000 31.139860
100.000000 31.155844
100.000000 31.171828
100.000000 31.187812
100.000000 31.203796
100.000000 31.219780
100.000000 31.235764
100.000000 31.251748
100.000000 31.267732
100.000000 31.283716
100.000000 31.299700
100.000000 31.315684
100.000000 31.331668
100.000000 31.347652
100.000000 31.363636
100.000000 31.379620
100.000000 31.395604
100.000000 31.411588
100.000000 31.427572
100.000000 31.443556
100.000000 31.459540
100.000000 31.475524
100.000000 31.491508
100.000000 31.507493
100.000000 31.523477
100.000000 31.539461
100.000000 31.555445
100.000000 31.571429
100.000000 31.587413
100.000000 31.603397
100.000000 31.619381
100.000000 31.635365
100.000000 31.651349
100.000000 31.667333
100.000000 31.683317
100.000000 31.699301
100.000000 31.715285
100.000000 31.731269
100.000000 31.747253
100.000000 31.763237
100.000000 31.779221
100.000000 31.795205
100.000000 31.811189
100.000000 31.827173
100.000000 31.843157
100.000000 31.859141
100.000000 31.875125
100.000000 31.891109
100.000000 31.907093
100.000000 31.923077
100.000000 31.939061
100.000000 31.955045
100.000000 31.971029
100.000000 31.987013
100.000000 32.002997
100.000000 32.018981
100.000000 32.034965
100.000000 32.050949
100.000000 32.066933
100.000000 32.082917
100.000000 32.098901
100.000000 32.114885
100.000000 32.130869
100.000000 32.146853
100.000000 32.162837
100.000000 32.178821
100.000000 32.194805
100.000000 32.210789
100.000000 32.226773
100.000000 32.242757
100.000000 32.258741
100.000000 32.274725
100.000000 32.290709
100.000000 32.306693
100.000000 32.322677
100.000000 32.338661
100.000000 32.354645
100.000000 32.370629
100.000000 32.386613
100.000000 32.402597
100.000000 32.418581
100.000000 32.434565
100.000000 32.450549
100.000000 32.466533
100.000000 32.482517
100.000000 32.498501
100.000000 32.514486
100.000000 32.530470
100.000000 32.546454
100.000000 32.562438
100.000000 32.578422
100.000000 32.594406
100.000000 32.610390
100.000000 32.626374
100.000000 32.642358
100.000000 32.658342
100.000000 32.674326
100.000000 32.690310
100.000000 32.706294
100.000000 32.722278
100.000000 32.738262
100.000000 32.754246
100.000000 32.770230
100.000000 32.786214
100.000000 32.802198
100.000000 32.818182
100.000000 32.834166
100.000000 32.850150
100.000000 32.866134
100.000000 32.882118
100.000000 32.898102
100.000000 32.914086
100.000000 32.930070
100.000000 32.946054
100.000000 32.962038
100.000000 32.978022
100.000000 32.994006
100.000000 33.009990
100.000000 33.025974
100.000000 33.041958
100.000000 33.057942
100.000000 33.073926
100.000000 33.089910
100.000000 33.105894
100.000000 33.121878
100.000000 33.137862
100.000000 33.153846
100.000000 33.169830
100.000000 33.185814
100.000000 33.201798
100.000000 33.217782
100.000000 33.233766
100.000000 33.249750
100.000000 33.265734
100.000000 33.281718
100.000000 33.297702
100.000000 33.313686
100.000000 33.329670
100.000000 33.345654
100.000000 33.361638
100.000000 33.377622
100.000000 33.393606
100.000000 33.409590
100.000000 33.425574
100.000000 33.441558
100.000000 33.457542
100.000000 33.473526
100.000000 33.489510
100.000000 33.505495
100.000000 33.521479
100.000000 33.537463
100.000000 33.553447
100.000000 33.569431
100.000000 33.585415
100.000000 33.601399
100.000000 33.617383
100.000000 33.633367
100.000000 33.649351
100.000000 33.665335
100.000000 33.681319
100.000000 33.697303
100.000000 33.713287
100.000000 33.729271
100.000000 33.745255
100.000000 33.761239
100.000000 33.777223
100.000000 33.793207
100.000000 33.809191
100.000000 33.825175
100.000000 33.841159
100.000000 33.857143
100.000000 33.873127
100.000000 33.889111
100.000000 33.905095
100.000000 33.921079
100.000000 33.937063
100.000000 33.953047
100.000000 33.969031
100.000000 33.985015
100.000000 34.000999
100.000000 34.016983
100.000000 34.032967
100.000000 34.048951
100.000000 34.064935
100.000000 34.080919
100.000000 34.096903
100.000000 34.112887
100.000000 34.128871
100.000000 34.144855
100.000000 34.160839
100.000000 34.176823
100.000000 34.192807
100.000000 34.208791
100.000000 34.224775
100.000000 34.240759
100.000000 34.256743
100.000000 34.272727
100.000000 34.288711
100.000000 34.304695
100.000000 34.320679
100.000000 34.336663
100.000000 34.352647
100.000000 34.368631
100.000000 34.384615
100.000000 34.400599
100.000000 34.416583
100.000000 34.432567
100.000000 34.448551
100.000000 34.464535
100.000000 34.480519
100.000000 34.496503
100.000000 34.512488
100.000000 34.528472
100.000000 34.544456
100.000000 34.560440
100.000000 34.576424
100.000000 34.592408
100.000000 34.608392
100.000000 34.624376
100.000000 34.640360
100.000000 34.656344
100.000000 34.672328
100.000000 34.688312
100.000000 34.704296
100.000000 34.720280
100.000000 34.736264
100.000000 34.752248
100.000000 34.768232
100.000000 34.784216
100.000000 34.800200
100.000000 34.816184
100.000000 34.832168
100.000000 34.848152
100.000000 34.864136
100.000000 34.880120
100.000000 34.896104
100.000000 34.912088
100.000000 34.928072
100.000000 34.944056
100.000000 34.960040
100.000000 34.976024
100.000000 34.992008
100.000000 35.007992
100.000000 35.023976
100.000000 35.039960
100.000000 35.055944
100.000000 35.071928
100.000000 35.087912
100.000000 35.103896
100.000000 35.119880
100.000000 35.135864
100.000000 35.151848
100.000000 35.167832
100.000000 35.183816
100.000000 35.199800
100.000000 35.215784
100.000000 35.231768
100.000000 35.247752
100.000000 35.263736
100.000000 35.279720
100.000000 35.295704
100.000000 35.311688
100.000000 35.327672
100.000000 35.343656
100.000000 35.359640
100.000000 35.375624
100.000000 35.391608
100.000000 35.407592
100.000000 35.423576
100.000000 35.439560
100.000000 35.455544
100.000000 35.471528
100.000000 35.487512
100.000000 35.503497
100.000000 35.519481
100.000000 35.535465
100.000000 35.551449
100.000000 35.567433
100.000000 35.583417
100.000000 35.599401
100.000000 35.615385
100.000000 35.631369
100.000000 35.647353
100.000000 35.663337
100.000000 35.679321
100.000000 35.695305
100.000000 35.711289
100.000000 35.727273
100.000000 35.743257
100.000000 35.759241
100.000000 35.775225
100.000000 35.791209
100.000000 35.807193
100.000000 35.823177
100.000000 35.839161
100.000000 35.855145
100.000000 35.871129
100.000000 35.887113
100.000000 35.903097
100.000000 35.919081
100.000000 35.935065
100.000000 35.951049
100.000000 35.967033
100.000000 35.983017
100.000000 35.999001
100.000000 36.014985
100.000000 36.030969
100.000000 36.046953
100.000000 36.062937
100.000000 36.078921
100.000000 36.094905
100.000000 36.110889
101.997840 35.721683
102.002919 35.719152
102.015724 35.712772
102.028529 35.706391
102.030829 35.705245
102.034865 35.703234
102.045370 35.698000
102.047714 35.696832
102.048332 35.696524
102.054050 35.693674
102.066855 35.687294
102.077360 35.682060
102.079704 35.680892
102.080322 35.680584
102.092509 35.674511
102.095931 35.672806
102.105313 35.668131
102.107205 35.667188
102.118030 35.661794
102.127921 35.656866
102.137303 35.652191
102.139195 35.651248
102.150108 35.645811
102.156489 35.642631
102.163794 35.638991
102.169293 35.636251
102.171185 35.635308
102.182098 35.629871
102.194707 35.623588
102.194903 35.623490
102.201283 35.620311
102.203175 35.619368
102.214088 35.613931
102.224913 35.608537
102.226893 35.607550
102.231845 35.605083
102.245990 35.598034
102.258795 35.591654
102.259477 35.591314
102.265263 35.588431
102.273524 35.584315
102.277980 35.582094
102.282524 35.579830
102.284448 35.578871
102.297253 35.572491
102.309376 35.566451
102.310398 35.565942
102.316438 35.562931
102.329243 35.556551
102.338700 35.551839
102.342048 35.550171
102.347436 35.547486
102.348428 35.546991
102.361233 35.540611
102.361241 35.540607
102.367570 35.537454
102.374457 35.534617
102.375923 35.533952
102.377980 35.533165
102.381258 35.531911
102.382890 35.531286
102.395200 35.526576
102.396590 35.526044
102.397262 35.525787
102.411205 35.520452
102.429624 35.513405
102.442363 35.508530
102.442793 35.508366
102.444425 35.507741
102.449760 35.505700
102.477646 35.495030
102.491588 35.489695
102.492829 35.489220
102.500196 35.486401
102.509320 35.482911
102.510866 35.482319
102.516880 35.480018
102.519474 35.479025
102.533417 35.473690
102.538127 35.471888
102.538752 35.471649
102.540384 35.471024
102.552694 35.466314
102.566637 35.460979
102.571972 35.458938
102.585915 35.453603
102.599857 35.448268
102.605192 35.446227
102.619135 35.440892
102.633078 35.435557
102.652355 35.428181
102.666298 35.422846
102.680241 35.417511
102.685576 35.415470
102.699874 35.409967
102.713702 35.404507
102.719162 35.402351
102.732990 35.396891
102.746818 35.391431
102.760646 35.385971
102.766106 35.383815
102.779935 35.378355
102.793763 35.372895
102.807591 35.367435
102.813051 35.365279
102.826879 35.359819
102.840707 35.354359
102.854535 35.348899
102.859995 35.346743
102.873823 35.341283
102.888875 35.335340
102.901479 35.330362
102.915308 35.324902
102.920768 35.322746
102.934596 35.317286
102.938488 35.315749
102.948424 35.311826
102.954582 35.309394
102.962252 35.306366
102.970036 35.303292
102.973172 35.302054
102.987000 35.296594
102.992460 35.294438
103.006288 35.288978
103.020116 35.283518
103.025576 35.281362
103.039405 35.275902
103.043544 35.274283
103.050751 35.271454
103.052925 35.270614
103.064659 35.266079
103.078566 35.260705
103.079184 35.260466
103.083940 35.258628
103.092431 35.255347
103.097847 35.253254
103.106951 35.249735
103.111754 35.247879
103.124148 35.243090
103.125661 35.242505
103.139568 35.237130
103.153475 35.231756
103.158850 35.229679
103.172757 35.224304
103.186664 35.218930
103.200571 35.213556
103.214478 35.208181
103.214651 35.208114
103.219852 35.206104
103.232246 35.201315
103.233759 35.200730
103.239134 35.198653
103.251179 35.193998
103.253041 35.193278
103.258413 35.191202
103.260631 35.190345
103.274538 35.184970
103.281685 35.182208
103.286229 35.180452
103.291604 35.178375
103.305511 35.173001
103.312119 35.170448
103.321634 35.166770
103.327008 35.164693
103.332273 35.162659
103.338699 35.160175
103.344074 35.158098
103.350271 35.155703
103.357981 35.152724
103.363355 35.150647
103.378235 35.142855
103.396722 35.130668
103.415209 35.118481
103.426351 35.111136
103.433696 35.106294
103.444838 35.098948
103.452183 35.094106
103.463325 35.086761
103.470670 35.081919
103.481812 35.074574
103.489157 35.069732
103.500299 35.062387
103.511441 35.055042
103.518786 35.050200
103.529928 35.042855
103.541070 35.035510
103.548415 35.030668
103.559557 35.023323
103.578044 35.011136
103.589186 35.003791
103.607673 34.991604
103.618815 34.984259
103.623465 34.981194
103.634237 34.974092
103.637302 34.972071
103.648444 34.964726
103.659586 34.957381
103.670728 34.950036
103.677987 34.946286
103.692667 34.941910
103.700691 34.939519
103.707347 34.937535
103.711723 34.936230
103.718442 34.934227
103.722026 34.933159
103.736706 34.928783
103.741082 34.927479
103.755762 34.923103
103.770441 34.918727
103.774817 34.917423
103.789497 34.913047
103.804176 34.908671
103.823232 34.902991
103.837911 34.898615
103.851223 34.894648
103.852591 34.894240
103.855840 34.893271
103.871647 34.888559
103.881500 34.885622
103.886326 34.884184
103.898374 34.880593
103.899675 34.880205
103.905382 34.878504
103.920061 34.874128
103.934741 34.869752
103.939117 34.868448
103.948527 34.865643
103.953796 34.864072
103.955128 34.863675
103.956620 34.863230
103.971300 34.858854
103.975198 34.857692
103.983156 34.855320
103.986955 34.854188
103.987532 34.854016
104.002211 34.849640
104.008933 34.847636
104.016891 34.845264
104.020690 34.844132
104.021267 34.843960
104.028920 34.841678
104.035946 34.839584
104.036017 34.839563
104.046033 34.836666
104.050292 34.835434
104.065135 34.831319
104.068878 34.830282
104.069250 34.830179
104.070593 34.829807
104.084093 34.826064
104.098936 34.821949
104.099571 34.821773
104.113780 34.817834
104.117895 34.816693
104.132738 34.812579
104.133615 34.812336
104.136853 34.811438
104.151696 34.807323
104.166539 34.803208
104.167174 34.803032
104.168155 34.802760
104.182999 34.798645
104.197842 34.794530
104.201898 34.793406
104.215184 34.789723
104.230027 34.785608
104.230662 34.785432
104.231643 34.785160
104.235758 34.784019
104.250602 34.779904
104.253064 34.779222
104.259714 34.777378
104.272095 34.773946
104.274557 34.773264
104.278397 34.772199
104.278672 34.772123
104.293515 34.768008
104.294150 34.767832
104.295131 34.767560
104.299246 34.766419
104.314090 34.762304
104.316552 34.761622
104.323202 34.759778
104.338045 34.755663
104.348838 34.752672
104.352889 34.751549
104.367732 34.747434
104.371847 34.746293
104.386690 34.742178
104.394883 34.739907
104.401533 34.738063
104.412326 34.735072
104.422108 34.732360
104.436951 34.728245
104.441066 34.727104
104.455909 34.722989
104.462503 34.721161
104.465021 34.720463
104.479865 34.716348
104.492283 34.712727
104.494872 34.711972
104.504133 34.709119
104.509471 34.707474
104.521053 34.703906
104.524069 34.702977
104.533938 34.699936
104.543165 34.697093
104.557763 34.692596
104.562951 34.690997
104.565653 34.690165
104.567024 34.689743
104.572362 34.688098
104.583944 34.684530
104.594849 34.681170
104.600296 34.679492
104.601559 34.679103
104.613141 34.675535
104.616157 34.674606
104.620655 34.673220
104.635253 34.668723
104.636882 34.668221
104.649851 34.664225
104.651614 34.663682
104.653243 34.663180
104.666079 34.659226
104.679048 34.655230
104.682245 34.654245
104.682945 34.654030
104.698144 34.649347
104.700107 34.648742
104.701536 34.648302
104.716134 34.643805
104.723248 34.641613
104.727341 34.640352
104.741939 34.635854
104.754862 34.631873
104.756538 34.631357
104.761605 34.629796
104.771136 34.626859
104.775634 34.625474
104.775681 34.625460
104.788990 34.621359
104.790906 34.620840
104.790916 34.620837
104.799828 34.618423
104.805808 34.616804
104.819924 34.612980
104.820699 34.612770
104.839624 34.607644
104.853495 34.603888
104.854516 34.603611
104.867637 34.600056
104.869407 34.599577
104.883278 34.595821
104.896399 34.592266
104.897420 34.591989
104.899190 34.591510
104.900475 34.591162
104.903224 34.590418
104.907008 34.589393
104.914547 34.587350
104.916345 34.586863
104.918115 34.586384
104.931986 34.582628
104.933784 34.582141
104.937040 34.581258
104.941323 34.580098
104.951932 34.577225
104.955716 34.576200
104.966823 34.573191
104.971106 34.572031
104.974890 34.571006
104.983349 34.568715
104.985748 34.568065
104.992181 34.566323
105.000640 34.564032
105.004424 34.563007
105.015531 34.559998
105.017333 34.559510
105.019565 34.558906
105.028902 34.556376
105.034456 34.554872
105.044044 34.552276
105.049348 34.550839
105.055613 34.549142
105.064239 34.546805
105.083164 34.541679
105.092752 34.539083
105.102089 34.536553
105.116981 34.532520
105.131872 34.528486
105.133899 34.527937
105.135948 34.527382
105.137653 34.526920
105.140331 34.526195
105.145521 34.524790
105.174788 34.674139
