107.338812 34.643971
107.354741 34.643037
107.370670 34.642102
107.375118 34.641841
107.375343 34.641828
107.387498 34.641115
107.402529 34.640233
107.406303 34.640012
107.418458 34.639299
107.418683 34.639286
107.434387 34.638364
107.440966 34.637978
107.454054 34.637210
107.454677 34.637174
107.466246 34.636495
107.466561 34.636488
107.481651 34.636151
107.481766 34.636148
107.497743 34.635812
107.513720 34.635476
107.529697 34.635141
107.545674 34.634805
107.561651 34.634469
107.565207 34.634394
107.578970 34.634105
107.591391 34.633845
107.593605 34.633798
107.609582 34.633462
107.609917 34.633455
107.612752 34.633396
107.626901 34.633098
107.640043 34.632822
107.641871 34.632784
107.657848 34.632448
107.660683 34.632389
107.674832 34.632091
107.687974 34.631815
107.689802 34.631777
107.705779 34.631441
107.721756 34.631105
107.737733 34.630770
107.753710 34.630434
107.769687 34.630098
107.785664 34.629763
107.801641 34.629427
107.817618 34.629091
107.833595 34.628756
107.849572 34.628420
107.865549 34.628084
107.881526 34.627749
107.897503 34.627413
107.913480 34.627077
107.914216 34.627062
107.929456 34.626742
107.944712 34.626421
107.945433 34.626406
107.961410 34.626070
107.977387 34.625734
107.993364 34.625399
108.009341 34.625063
108.025318 34.624727
108.041295 34.624392
108.057272 34.624056
108.073249 34.623720
108.089226 34.623385
108.105203 34.623049
108.121180 34.622713
108.137157 34.622378
108.152798 34.622049
108.168775 34.621713
108.184752 34.621378
108.184752 34.621378
108.185088 34.621371
108.198601 34.623273
108.200884 34.623610
108.200912 34.623614
108.204525 34.624148
108.214244 34.625583
108.228050 34.627623
108.229887 34.627894
108.245530 34.630204
108.261173 34.632514
108.276816 34.634824
108.292458 34.637135
108.308101 34.639445
108.323744 34.641755
108.339387 34.644065
108.343534 34.644677
108.355030 34.646375
108.357340 34.646717
108.372983 34.649027
108.388626 34.651337
108.404268 34.653647
108.410192 34.654522
108.419911 34.655957
108.433717 34.657997
108.437864 34.658609
108.453507 34.660919
108.484793 34.665539
108.500436 34.667850
108.516078 34.670160
108.531721 34.672470
108.534032 34.672811
108.537645 34.673345
108.547364 34.674780
108.561170 34.676820
108.565317 34.677432
108.580960 34.679742
108.596603 34.682052
108.612246 34.684362
108.627888 34.686673
108.643531 34.688983
108.659174 34.691293
108.674817 34.693603
108.690460 34.695914
108.706103 34.698224
108.721745 34.700534
108.739699 34.703185
108.755341 34.705496
108.770984 34.707806
108.786627 34.710116
108.802270 34.712426
108.815717 34.714512
108.831084 34.717594
108.846450 34.720675
108.849531 34.721292
108.864897 34.724373
108.880263 34.727455
108.895630 34.730536
108.910996 34.733617
108.926362 34.736698
108.929443 34.737316
108.944809 34.740397
108.960176 34.743478
108.975542 34.746559
108.990908 34.749640
109.009355 34.753339
109.024722 34.756420
109.040088 34.759501
109.055454 34.762582
109.070820 34.765663
109.073901 34.766281
109.074811 34.766463
109.089268 34.769362
109.104634 34.772443
109.120000 34.775524
109.123081 34.776142
109.138447 34.779223
109.153814 34.782304
109.169180 34.785385
109.184546 34.788466
109.187627 34.789084
109.202993 34.792165
109.218360 34.795246
109.233726 34.798327
109.236807 34.798945
109.252173 34.802026
109.267539 34.805107
109.273149 34.806232
109.273662 34.806335
109.289028 34.809416
109.307476 34.813115
109.322842 34.816196
109.338208 34.819277
109.356656 34.822976
109.372022 34.826057
109.387388 34.829138
109.402754 34.832219
109.405835 34.832837
109.421202 34.835918
109.436568 34.838999
109.447449 34.841181
109.453111 34.842317
109.461177 34.843934
109.479625 34.847633
109.494991 34.850714
109.496629 34.851042
109.510357 34.853795
109.510357 34.853795
109.513220 34.854369
109.520826 34.858442
109.528190 34.862385
109.528361 34.862477
109.528454 34.862527
109.540782 34.869129
109.553204 34.875782
109.565626 34.882434
109.578047 34.889086
109.579640 34.889939
109.584699 34.892648
109.597121 34.899300
109.603979 34.902974
109.608660 34.905480
109.615312 34.909042
109.627734 34.915694
109.634532 34.919335
109.641038 34.922819
109.653459 34.929471
109.655753 34.930699
109.665881 34.936124
109.678303 34.942776
109.688027 34.947983
109.697376 34.952990
109.709798 34.959642
109.722220 34.966294
109.727815 34.969291
109.727989 34.969384
109.734641 34.972947
109.741293 34.976509
109.753715 34.983161
109.766136 34.989813
109.778558 34.996465
109.785210 35.000028
109.789040 35.002079
109.797632 35.006680
109.810053 35.013332
109.816706 35.016895
109.829127 35.023547
109.841549 35.030199
109.848201 35.033761
109.856219 35.037277
109.871628 35.044035
109.885910 35.048965
109.900192 35.053895
109.919404 35.060527
109.933686 35.065457
109.947968 35.070388
109.952899 35.072089
109.967181 35.077020
109.981463 35.081950
109.995745 35.086880
110.000675 35.088582
110.014957 35.093512
110.029239 35.098442
110.034170 35.100144
110.048452 35.105074
110.062734 35.110004
110.067664 35.111706
110.081946 35.116636
110.093518 35.120631
110.110510 35.126497
110.115441 35.128199
110.115916 35.128363
110.129723 35.133129
110.144005 35.138059
110.148935 35.139761
110.163217 35.144691
110.168147 35.146393
110.182429 35.151323
110.187360 35.153025
110.191113 35.154320
110.201642 35.157955
110.215924 35.162885
110.220854 35.164587
110.235136 35.169517
110.240066 35.171219
110.254349 35.176149
110.259279 35.177851
110.273561 35.182781
110.278491 35.184483
110.292773 35.189413
110.296033 35.190538
110.297703 35.191115
110.311985 35.196046
110.315728 35.197337
110.316916 35.197747
110.320808 35.199091
110.331198 35.202678
110.335624 35.204205
110.336128 35.204379
110.339986 35.205711
110.340041 35.205730
110.350465 35.209329
110.354698 35.210790
110.359254 35.212362
110.373536 35.217293
110.387818 35.222223
110.392748 35.223925
110.397190 35.225458
110.400652 35.229829
110.406815 35.237608
110.413440 35.245974
110.421064 35.255597
110.423328 35.258455
110.428537 35.265031
110.433779 35.271649
110.435006 35.273198
110.438565 35.277691
110.442479 35.282633
110.450259 35.292454
110.456421 35.300234
110.463887 35.309660
110.469053 35.316181
110.476833 35.326003
110.481278 35.331615
110.485923 35.337478
110.492085 35.345258
110.498899 35.353860
110.503100 35.359163
110.505909 35.362709
110.509262 35.366943
110.517042 35.376765
110.523204 35.384545
110.530984 35.394366
110.532999 35.396910
110.537147 35.402146
110.544926 35.411967
110.551089 35.419747
110.553619 35.422941
110.555634 35.425485
110.563414 35.435307
110.567575 35.440561
110.569577 35.443088
110.601705 35.467941
110.614746 35.474136
110.620941 35.477078
110.633982 35.483273
110.641441 35.486816
110.645719 35.488848
110.648589 35.490211
110.658761 35.495043
110.666162 35.498558
110.666467 35.498703
110.677997 35.504180
110.690832 35.510276
110.691039 35.510374
110.691252 35.510475
110.698538 35.513936
110.707294 35.518095
110.710275 35.519511
110.729511 35.528648
110.742553 35.534843
110.748748 35.537785
110.752230 35.539439
110.761789 35.543980
110.766459 35.546198
110.774831 35.550174
110.778405 35.551872
110.781026 35.553117
110.781719 35.553446
110.794067 35.559311
110.799203 35.561751
110.802219 35.563183
110.815261 35.569378
110.821455 35.572320
110.834497 35.578515
110.845131 35.583566
110.852428 35.587032
110.854544 35.588037
110.858623 35.589975
110.861639 35.591407
110.871665 35.596169
110.877487 35.598934
110.890901 35.605306
110.913178 35.617242
110.917839 35.620898
110.923074 35.625004
110.930836 35.631093
110.940732 35.638855
110.948494 35.644943
110.958389 35.652705
110.968661 35.660763
110.976047 35.666556
110.985942 35.674318
110.993704 35.680406
110.998365 35.684062
111.003600 35.688168
111.007783 35.691449
111.022030 35.702624
111.031925 35.710386
111.035172 35.712933
111.038915 35.715869
111.056573 35.729719
111.061818 35.733834
111.067241 35.738087
111.075003 35.744176
111.078891 35.747226
111.084126 35.751332
111.091888 35.757420
111.097895 35.762132
111.102556 35.765788
111.110318 35.771876
111.120213 35.779638
111.127599 35.785431
111.137099 35.792883
111.143407 35.797831
111.155528 35.807339
111.164600 35.814455
111.171731 35.821962
111.175617 35.826054
111.181713 35.832471
111.184059 35.834941
111.187294 35.838346
111.190699 35.841931
111.197276 35.848855
111.198814 35.850474
111.202857 35.854730
111.210838 35.863133
111.218420 35.871115
111.226401 35.879517
111.229780 35.883075
111.236383 35.890026
111.238916 35.892693
111.241564 35.895480
111.244712 35.898794
111.251946 35.906410
111.254479 35.909077
111.259527 35.914391
111.267508 35.922794
111.275090 35.930775
111.283071 35.939178
111.285719 35.941965
111.290653 35.947159
111.296246 35.953048
111.298634 35.955562
111.301015 35.958069
111.306216 35.963543
111.311809 35.969432
111.314197 35.971946
111.321778 35.979927
111.331309 35.990785
111.331315 35.990792
111.334135 35.994244
111.337712 35.998623
111.345543 36.008210
111.351940 36.016041
111.354957 36.019734
111.359772 36.025628
111.365566 36.032722
111.366169 36.033460
111.374000 36.043046
111.380397 36.050878
111.384728 36.056180
111.388228 36.060464
111.402457 36.077883
111.403271 36.078880
111.416685 36.095301
111.422167 36.102011
111.430914 36.112719
111.431728 36.113716
111.435104 36.117848
111.441501 36.125679
111.449332 36.135266
111.455729 36.143097
111.456797 36.144405
111.459371 36.147555
111.459374 36.147559
111.463560 36.152684
111.465730 36.155340
111.472073 36.165833
111.473233 36.167751
111.473235 36.167755
111.484589 36.186538
111.485673 36.188332
111.486226 36.189246
111.487140 36.190758
111.491665 36.198244
111.494226 36.202482
111.498438 36.209449
111.503019 36.217027
111.505580 36.221265
111.509792 36.228232
111.514373 36.235810
111.518535 36.242695
111.518650 36.242886
111.525726 36.254593
111.528239 36.258749
111.530004 36.261669
111.534946 36.269846
111.540038 36.278268
111.541433 36.280576
111.544157 36.285082
111.547039 36.289851
111.551392 36.297051
111.553526 36.300581
111.555511 36.303865
111.555512 36.303868
111.558468 36.308758
111.559630 36.310680
111.564013 36.324723
111.566257 36.331915
111.567675 36.336460
111.570136 36.344348
111.572220 36.351026
111.575695 36.362163
111.576108 36.363486
111.578272 36.370417
111.579024 36.372829
111.578732 36.371893
111.580736 36.378316
111.580894 36.378822
111.581451 36.380607
111.582729 36.384702
111.584837 36.391457
111.586788 36.397706
111.587250 36.399189
111.587275 36.399268
111.590454 36.409456
111.591108 36.411554
111.591390 36.412456
111.593238 36.418379
111.599202 36.437490
111.603748 36.452055
111.608293 36.466621
111.609711 36.471166
111.614257 36.485732
111.618802 36.500298
111.620220 36.504843
111.624766 36.519408
111.627630 36.528587
111.954670 36.155340
111.954958 36.154217
111.958322 36.141073
111.958797 36.139215
111.959779 36.135376
111.963619 36.120374
111.967458 36.105373
111.971297 36.090372
111.972280 36.086532
111.976119 36.071531
111.979959 36.056529
111.983798 36.041528
111.985617 36.034421
111.987546 36.026883
111.988378 36.023633
111.988620 36.022687
111.992459 36.007686
111.994643 35.999154
111.996299 35.992685
112.000138 35.977683
112.000720 35.975409
112.003977 35.962682
112.006869 35.951384
112.010582 35.936874
112.011127 35.934746
112.010673 35.936518
112.013968 35.923645
112.014513 35.921517
112.018352 35.906515
112.022191 35.891514
112.021658 35.865167
112.016588 35.850997
112.012589 35.839821
112.011518 35.836827
112.007333 35.825127
112.006449 35.822657
112.001379 35.808487
111.996309 35.794317
111.991239 35.780146
111.986169 35.765976
111.984030 35.759997
111.981099 35.751806
111.976029 35.737636
111.971472 35.724896
111.970960 35.723466
111.969146 35.718396
111.964076 35.704226
111.959006 35.690056
111.953936 35.675886
111.950866 35.667307
111.948866 35.661716
111.947052 35.656646
111.941982 35.642476
111.937611 35.630256
111.936913 35.628306
111.935099 35.623236
111.930029 35.609066
111.924959 35.594896
111.923145 35.589826
111.918261 35.576177
111.918075 35.575656
111.913958 35.564150
111.911191 35.556416
111.910513 35.554586
111.906089 35.542651
111.904098 35.537391
111.904086 35.537359
111.898794 35.523378
111.893502 35.509397
111.891499 35.504105
111.886207 35.490124
111.880916 35.476143
111.878913 35.470851
111.873621 35.456870
111.866326 35.437597
111.855743 35.409635
111.853740 35.404343
111.848448 35.390362
111.847084 35.386758
111.847084 35.386758
111.843156 35.376381
111.838264 35.363457
111.837147 35.360506
111.834497 35.353504
111.830569 35.343127
111.825278 35.329146
111.825243 35.329054
111.824561 35.327252
111.821911 35.320250
111.817983 35.309873
111.817890 35.309580
111.815316 35.302694
111.813457 35.295645
111.813453 35.295634
111.810368 35.283936
111.808472 35.276748
111.804530 35.261804
111.800588 35.246859
111.798713 35.239750
111.795606 35.227973
111.791664 35.213029
111.788612 35.201456
111.788612 35.201456
111.786683 35.194143
111.782741 35.179199
111.778799 35.164254
111.774857 35.149310
111.774757 35.148932
111.770915 35.134366
111.766973 35.119422
111.763283 35.105433
111.761774 35.099712
111.757832 35.084768
111.753890 35.069824
111.753686 35.069050
111.751205 35.059645
111.747468 35.045474
111.746007 35.039935
111.742065 35.024991
111.741025 35.021049
111.737083 35.006105
111.733141 34.991160
111.729199 34.976216
111.690727 34.932128
111.679112 34.926467
111.670709 34.922371
111.666197 34.920172
111.664857 34.919519
111.659901 34.917104
111.648960 34.911770
111.639714 34.907264
111.626798 34.900969
111.620503 34.897901
111.607587 34.891606
111.594671 34.885311
111.581755 34.879016
111.580618 34.878462
111.569816 34.873197
111.563107 34.869926
111.556901 34.866901
111.552862 34.864933
111.550605 34.863833
111.542202 34.859737
111.536713 34.857062
111.530418 34.853994
111.517502 34.847699
111.504586 34.841404
111.491670 34.835109
111.489471 34.834037
111.479731 34.829290
111.474452 34.826716
111.472459 34.825745
111.467947 34.823546
111.460520 34.819926
111.452117 34.815830
111.447605 34.813631
111.428394 34.804268
111.415478 34.797973
111.402562 34.791678
111.396267 34.788609
111.383351 34.782314
111.371830 34.776699
111.361705 34.773798
111.346934 34.769566
111.346651 34.769485
111.332162 34.765334
111.331618 34.765178
111.328012 34.764145
111.323780 34.762932
111.312594 34.759727
111.305424 34.757673
111.293390 34.754225
111.283616 34.751425
111.279430 34.750225
111.278819 34.750050
111.271649 34.747996
111.249841 34.741748
111.249558 34.741667
111.235069 34.737516
111.216274 34.732131
111.216066 34.732071
111.197062 34.726626
111.182291 34.722394
111.182008 34.722313
111.182008 34.722313
111.167519 34.718162
111.166975 34.718006
111.163369 34.716973
111.129594 34.707296
111.114823 34.703064
111.100051 34.698832
111.094218 34.697161
111.085197 34.694576
111.069771 34.690156
111.066276 34.689155
111.051505 34.684923
111.036789 34.680796
111.033148 34.679782
111.028970 34.678618
111.018315 34.675650
111.003482 34.671518
110.995573 34.669315
110.988649 34.667387
110.984517 34.666236
110.980339 34.665072
110.973071 34.663048
110.962416 34.660080
110.954851 34.657973
110.950719 34.656822
110.935886 34.652690
110.931708 34.651526
110.921053 34.648558
110.913785 34.646534
110.906220 34.644427
110.902088 34.643276
110.888355 34.639451
110.879940 34.637107
110.875809 34.635956
110.870481 34.634472
110.868290 34.633862
110.854557 34.630037
110.853457 34.629730
110.838624 34.625598
110.825438 34.621925
110.819659 34.620316
110.808270 34.617143
110.797511 34.614147
110.782678 34.610015
110.775743 34.608083
110.771028 34.606770
110.760081 34.603721
110.753012 34.601752
110.748880 34.600601
110.745114 34.599552
110.737230 34.597356
110.722396 34.593224
110.710367 34.589873
110.707563 34.589092
110.700494 34.587123
110.692730 34.584961
110.688598 34.583810
110.676569 34.580459
110.670583 34.578792
110.655749 34.574660
110.636982 34.571057
110.621484 34.568312
110.618739 34.567826
110.603241 34.565081
110.600720 34.564634
110.591291 34.562965
110.557550 34.556989
110.557522 34.556984
110.542052 34.554244
110.541343 34.554118
110.539307 34.553758
110.539227 34.553744
110.523810 34.551013
110.508312 34.548268
110.477316 34.542778
110.468602 34.541235
110.468602 34.541235
110.443575 34.536802
110.428077 34.534058
110.414618 34.531674
110.397190 34.528587
110.389407 34.527652
110.373745 34.525770
110.356001 34.523638
110.340244 34.521745
110.332231 34.520782
110.324487 34.519851
110.308731 34.517958
110.307086 34.517760
110.277218 34.514172
110.269205 34.513209
110.261461 34.512278
110.256316 34.511660
110.243812 34.510158
110.228055 34.508265
110.220042 34.507302
110.212298 34.506371
110.196542 34.504478
110.194985 34.504291
110.180785 34.502585
110.165029 34.500692
110.157016 34.499729
110.156235 34.499635
110.140478 34.497742
110.138609 34.497517
110.131623 34.496678
110.116906 34.494909
110.115866 34.494784
110.100109 34.492891
110.092811 34.492014
110.084353 34.490998
110.068596 34.489105
110.061359 34.488235
110.059802 34.488048
110.044046 34.486155
110.043774 34.486122
110.035190 34.485091
110.035187 34.485090
110.026396 34.484034
110.010639 34.482141
110.008746 34.481913
109.998761 34.479566
109.985546 34.473517
109.979497 34.470749
109.966282 34.464700
109.953067 34.458651
109.939851 34.452602
109.933802 34.449833
109.920587 34.443784
109.915934 34.441654
109.905793 34.437013
109.902499 34.435505
109.901323 34.434967
109.893028 34.431170
109.886528 34.428195
109.881608 34.425943
109.874892 34.422869
109.868843 34.420100
109.855628 34.414051
109.844392 34.408908
109.833667 34.403999
109.829521 34.402101
109.823149 34.399185
109.809933 34.393136
109.796718 34.387087
109.790669 34.384318
109.777454 34.378269
109.776368 34.377772
109.767591 34.373755
109.754376 34.367706
109.748327 34.364937
109.737114 34.359805
109.735111 34.358888
109.721896 34.352839
109.708681 34.346790
109.695466 34.340741
109.694221 34.340171
109.682250 34.334692
109.681260 34.334239
109.680015 34.333669
109.673966 34.330901
109.660751 34.324852
109.654702 34.322083
109.650502 34.320161
109.649771 34.319826
109.641459 34.316022
109.622233 34.307490
109.610747 34.302640
109.607687 34.301348
109.602909 34.299331
109.589343 34.293603
109.583616 34.291185
109.571718 34.286161
109.564322 34.283039
109.550757 34.277311
109.537191 34.271584
109.525293 34.266560
109.517897 34.263438
109.504332 34.257710
109.485038 34.249564
109.481087 34.247896
109.474360 34.245056
109.471473 34.243837
109.469924 34.243183
109.463634 34.240527
109.457971 34.238136
109.452179 34.235691
109.438613 34.229963
109.435710 34.228737
109.435710 34.228737
109.425048 34.224235
109.421161 34.222594
109.419320 34.221817
109.405754 34.216090
109.402851 34.214864
109.392189 34.210362
109.388702 34.208890
109.386461 34.207944
109.372895 34.202216
109.359329 34.196488
109.354622 34.194501
109.343653 34.189870
109.342633 34.189439
109.340036 34.188343
109.326470 34.182615
109.320743 34.180197
109.308553 34.175050
109.307177 34.174469
109.302750 34.172600
109.275170 34.068359
109.092280 34.017260
109.081430 34.017597
109.065462 34.018094
109.049493 34.018590
109.033524 34.019087
109.017556 34.019583
109.001587 34.020080
108.985619 34.020576
108.969650 34.021073
108.953682 34.021569
108.944690 34.021849
108.937216 34.022081
108.921248 34.022578
108.905279 34.023074
108.889311 34.023571
108.873342 34.024067
108.857374 34.024564
108.841405 34.025061
108.825436 34.025557
108.809468 34.026054
108.793499 34.026550
108.777531 34.027047
108.761562 34.027543
108.745594 34.028040
108.729625 34.028536
108.713656 34.029033
108.697688 34.029529
108.681719 34.030026
108.665751 34.030522
108.649782 34.031019
108.633813 34.031515
108.624611 34.031801
108.633317 34.031531
108.617348 34.032027
108.599486 34.032154
108.583515 34.031685
108.571633 34.031337
108.567077 34.031203
108.551106 34.030735
108.535136 34.030266
108.519166 34.029798
108.503196 34.029329
108.487225 34.028861
108.471255 34.028392
108.455933 34.027943
108.456222 34.027951
108.440251 34.027483
108.424281 34.027015
108.408311 34.026546
108.403144 34.026395
108.391872 34.026064
108.375902 34.025595
108.359932 34.025127
108.355960 34.025011
108.344430 34.024672
108.328928 34.024218
108.312958 34.023749
108.304930 34.023514
108.296051 34.023253
108.288108 34.023020
108.281017 34.022812
108.265047 34.022344
108.249077 34.021875
108.240841 34.021634
108.233400 34.021415
108.233575 34.021420
108.217605 34.020952
108.201634 34.020484
108.185664 34.020015
108.180497 34.019864
108.168757 34.019519
108.160788 34.019285
108.153723 34.019078
108.137753 34.018610
108.121783 34.018141
108.113520 34.017899
108.104876 34.017645
108.088943 34.017452
108.073034 34.018543
108.057125 34.019634
108.052428 34.019956
108.039033 34.020875
108.023124 34.021966
108.007215 34.023058
107.991306 34.024149
107.975397 34.025240
107.959487 34.026331
107.943578 34.027423
107.927669 34.028514
107.911760 34.029605
107.895851 34.030696
107.882836 34.031589
107.881033 34.031713
107.865124 34.032804
107.849215 34.033895
107.833305 34.034986
107.817396 34.036078
107.801487 34.037169
107.785578 34.038260
107.769669 34.039351
107.767866 34.039475
107.752668 34.040517
107.736759 34.041609
107.720850 34.042700
107.719759 34.042775
107.703850 34.043866
107.687940 34.044957
107.670940 34.046123
107.670928 34.046124
107.658305 34.046990
107.648938 34.048600
107.647168 34.048799
107.645020 34.049480
107.631920 34.053629
107.630117 34.054200
107.628040 34.054858
107.621484 34.056935
107.617393 34.058231
107.602867 34.062832
107.601064 34.063403
107.598987 34.064061
107.594386 34.065519
107.579860 34.070120
107.565333 34.074722
107.550807 34.079323
107.531679 34.085382
107.517152 34.089984
107.502626 34.094585
107.488099 34.099187
107.473573 34.103788
107.469277 34.105149
107.466942 34.105889
107.454445 34.109847
107.439919 34.114449
107.425392 34.119050
107.410866 34.123652
107.406264 34.125109
107.397970 34.127736
107.384970 34.131854
107.370444 34.136456
107.355918 34.141057
107.347083 34.143856
107.329031 34.149574
107.314504 34.154176
107.299978 34.158777
107.285451 34.163378
107.271855 34.167685
107.268759 34.168666
107.256340 34.172600
107.245245 34.176574
107.231078 34.181648
107.226673 34.183226
107.222835 34.184601
107.203594 34.191493
107.189428 34.196567
107.175261 34.201642
107.170187 34.203459
107.156021 34.208533
107.141854 34.213608
107.127688 34.218682
107.122613 34.220499
107.116684 34.222623
107.112672 34.224060
107.107598 34.225878
107.104644 34.226936
107.094280 34.230648
107.089206 34.232466
107.075040 34.237540
107.069965 34.239357
107.055799 34.244432
107.023210 34.295577
107.021598 34.299218
107.015680 34.312581
107.014175 34.315979
107.010438 34.324417
107.004520 34.337780
106.999354 34.349444
106.998601 34.351143
106.992683 34.364506
106.986765 34.377869
106.984144 34.383787
106.978226 34.397150
106.972308 34.410513
106.965431 34.426043
106.963769 34.429795
106.958975 34.440620
106.957851 34.443158
106.955230 34.449076
106.949312 34.462439
106.943394 34.475802
106.942955 34.476792
106.940773 34.481720
106.934855 34.495083
106.926316 34.514364
106.921666 34.524863
106.921666 34.524863
106.920398 34.527727
106.917777 34.533645
106.913127 34.544145
106.911859 34.547009
106.909238 34.552927
106.909225 34.552953
106.908750 34.553953
106.902686 34.566694
106.902682 34.566703
106.902672 34.566724
106.893083 34.585889
106.893076 34.585904
106.891471 34.589113
106.886680 34.598688
106.883480 34.605084
106.877084 34.617868
106.875497 34.621040
106.873901 34.624231
106.873885 34.624264
106.867496 34.637034
106.951970 34.666667
106.955577 34.666455
106.957446 34.666345
106.957446 34.666345
106.971506 34.665521
106.987435 34.664586
107.003365 34.663652
107.019294 34.662717
107.035223 34.661783
107.035448 34.661770
107.051152 34.660848
107.055834 34.660573
107.067081 34.659914
107.068016 34.659859
107.068241 34.659846
107.083945 34.658924
107.099874 34.657990
107.115803 34.657055
107.120251 34.656794
107.120476 34.656781
107.136405 34.655846
107.148560 34.655133
107.163591 34.654251
107.179520 34.653317
107.195449 34.652382
107.199897 34.652121
107.200122 34.652108
107.212277 34.651395
107.227308 34.650513
107.231082 34.650292
107.243237 34.649579
107.243462 34.649566
107.259166 34.648644
107.275095 34.647710
107.291024 34.646775
107.295472 34.646514
107.306954 34.645841
107.322883 34.644906
107.323108 34.644893
107.338812 34.643971
