100.000000 38.492507
100.000000 38.508492
100.000000 38.524476
100.000000 38.540460
100.000000 38.556444
100.000000 38.572428
100.000000 38.588412
100.000000 38.604396
100.000000 38.620380
100.000000 38.636364
100.000000 38.652348
100.000000 38.668332
100.000000 38.684316
100.000000 38.700300
100.000000 38.716284
100.000000 38.732268
100.000000 38.748252
100.000000 38.764236
100.000000 38.780220
100.000000 38.796204
100.000000 38.812188
100.000000 38.828172
100.000000 38.844156
100.000000 38.860140
100.000000 38.876124
100.000000 38.892108
100.000000 38.908092
100.000000 38.924076
100.000000 38.940060
100.000000 38.956044
100.000000 38.972028
100.000000 38.988012
100.000000 39.003996
100.000000 39.019980
100.000000 39.035964
100.000000 39.051948
100.000000 39.067932
100.000000 39.083916
100.000000 39.099900
100.000000 39.115884
100.000000 39.131868
100.000000 39.147852
100.000000 39.163836
100.000000 39.179820
100.000000 39.195804
100.000000 39.211788
100.000000 39.227772
100.000000 39.243756
100.000000 39.259740
100.000000 39.275724
100.000000 39.291708
100.000000 39.307692
100.000000 39.323676
100.000000 39.339660
100.000000 39.355644
100.000000 39.371628
100.000000 39.387612
100.000000 39.403596
100.000000 39.419580
100.000000 39.435564
100.000000 39.451548
100.000000 39.467532
100.000000 39.483516
100.000000 39.499500
100.000000 39.515485
100.000000 39.531469
100.000000 39.547453
100.000000 39.563437
100.000000 39.579421
100.000000 39.595405
100.000000 39.611389
100.000000 39.627373
100.000000 39.643357
100.000000 39.659341
100.000000 39.675325
100.000000 39.691309
100.000000 39.707293
100.000000 39.723277
100.000000 39.739261
100.000000 39.755245
100.000000 39.771229
100.000000 39.787213
100.000000 39.803197
100.000000 39.819181
100.000000 39.835165
100.000000 39.851149
100.000000 39.867133
100.000000 39.883117
100.000000 39.899101
100.000000 39.915085
100.000000 39.931069
100.000000 39.947053
100.000000 39.963037
100.000000 39.979021
100.000000 39.995005
100.000000 40.010989
100.000000 40.026973
100.000000 40.042957
100.000000 40.058941
100.000000 40.074925
100.000000 40.090909
100.000000 40.106893
100.000000 40.122877
100.000000 40.138861
100.000000 40.154845
100.000000 40.170829
100.000000 40.186813
100.000000 40.202797
100.000000 40.218781
100.000000 40.234765
100.000000 40.250749
100.000000 40.282717
100.000000 40.298701
100.000000 40.314685
100.000000 40.330669
100.000000 40.346653
100.000000 40.362637
100.000000 40.378621
100.000000 40.394605
100.000000 40.410589
100.000000 40.426573
100.000000 40.442557
100.000000 40.458541
100.000000 40.474525
100.000000 40.490509
100.000000 40.506494
100.000000 40.522478
100.000000 40.538462
100.000000 40.554446
100.000000 40.586414
100.000000 40.602398
100.000000 40.618382
100.000000 40.634366
100.000000 40.650350
100.000000 40.666334
100.000000 40.682318
100.000000 40.698302
100.000000 40.714286
100.000000 40.730270
100.000000 40.746254
100.000000 40.762238
100.000000 40.778222
100.000000 40.794206
100.000000 40.810190
100.000000 40.826174
100.000000 40.842158
100.000000 40.858142
100.000000 40.874126
100.000000 40.890110
100.000000 40.906094
100.000000 40.922078
100.000000 40.938062
100.000000 40.954046
100.000000 40.970030
100.000000 40.986014
100.000000 41.001998
100.000000 41.017982
100.000000 41.033966
100.000000 41.049950
100.000000 41.065934
100.000000 41.081918
100.000000 41.097902
100.000000 41.113886
100.000000 41.129870
100.000000 41.145854
100.000000 41.161838
100.000000 41.177822
100.000000 41.193806
100.000000 41.209790
100.000000 41.225774
100.000000 41.241758
100.000000 41.257742
100.000000 41.273726
100.000000 41.289710
100.000000 41.305694
100.000000 41.321678
100.000000 41.337662
100.000000 41.353646
100.000000 41.369630
100.000000 41.385614
100.000000 41.401598
100.000000 41.417582
100.000000 41.433566
100.000000 41.449550
100.000000 41.465534
100.000000 41.481518
100.000000 41.497502
100.000000 41.513487
100.000000 41.529471
100.000000 41.545455
100.000000 41.561439
100.000000 41.577423
100.000000 41.593407
100.000000 41.609391
100.000000 41.625375
100.000000 41.641359
100.000000 41.657343
100.000000 41.673327
100.000000 41.689311
100.000000 41.705295
100.000000 41.721279
100.000000 41.737263
100.000000 41.753247
100.000000 41.769231
100.000000 41.785215
100.000000 41.801199
100.000000 41.817183
100.000000 41.833167
100.000000 41.849151
100.000000 41.865135
100.000000 41.881119
100.000000 41.897103
100.000000 41.913087
100.000000 41.929071
100.000000 41.945055
100.000000 41.961039
100.000000 41.977023
100.000000 41.993007
100.000000 42.008991
100.000000 42.024975
100.000000 42.040959
100.000000 42.056943
100.000000 42.072927
100.000000 42.088911
100.000000 42.104895
100.000000 42.120879
100.000000 42.136863
100.000000 42.152847
100.000000 42.168831
100.000000 42.184815
100.000000 42.200799
100.000000 42.216783
100.000000 42.232767
100.000000 42.248751
100.000000 42.264735
100.000000 42.280719
100.000000 42.296703
100.000000 42.312687
100.000000 42.328671
100.000000 42.344655
100.000000 42.360639
100.000000 42.376623
100.000000 42.392607
100.000000 42.408591
100.000000 42.424575
100.000000 42.440559
100.000000 42.456543
100.000000 42.472527
100.000000 42.488511
100.000000 42.504496
100.000000 42.520480
100.000000 42.536464
100.000000 42.552448
100.000000 42.568432
100.000000 42.584416
100.000000 42.600400
100.000000 42.616384
100.000000 42.632368
100.000000 42.648352
100.000000 42.664336
100.000000 42.680320
100.000000 42.696304
100.000000 42.712288
100.000000 42.728272
100.000000 42.744256
100.000000 42.760240
100.000000 42.776224
100.000000 42.792208
100.000000 42.808192
100.000000 42.824176
100.000000 42.840160
100.000000 42.856144
100.000000 42.872128
100.000000 42.888112
100.000000 42.904096
100.000000 42.920080
100.000000 42.936064
100.000000 42.952048
100.000000 43.000000
100.032967 43.000000
100.048951 43.000000
100.064935 43.000000
100.080919 43.000000
100.096903 43.000000
100.112887 43.000000
100.128871 43.000000
100.144855 43.000000
100.160839 43.000000
100.176823 43.000000
100.192807 43.000000
100.208791 43.000000
100.224775 43.000000
100.240759 43.000000
100.256743 43.000000
100.272727 43.000000
100.288711 43.000000
100.304695 43.000000
100.320679 43.000000
100.336663 43.000000
100.352647 43.000000
100.368631 43.000000
100.384615 43.000000
100.400599 43.000000
100.416583 43.000000
100.432567 43.000000
100.448551 43.000000
100.464535 43.000000
100.480519 43.000000
100.496503 43.000000
100.512488 43.000000
100.528472 43.000000
100.544456 43.000000
100.560440 43.000000
100.576424 43.000000
100.592408 43.000000
100.608392 43.000000
100.624376 43.000000
100.640360 43.000000
100.656344 43.000000
100.672328 43.000000
100.688312 43.000000
100.704296 43.000000
100.720280 43.000000
100.736264 43.000000
100.752248 43.000000
100.784216 43.000000
100.800200 43.000000
100.816184 43.000000
100.832168 43.000000
100.848152 43.000000
100.864136 43.000000
100.880120 43.000000
100.896104 43.000000
100.912088 43.000000
100.928072 43.000000
100.944056 43.000000
100.960040 43.000000
100.976024 43.000000
100.992008 43.000000
101.007992 43.000000
101.023976 43.000000
101.039960 43.000000
101.055944 43.000000
101.071928 43.000000
101.087912 43.000000
101.103896 43.000000
101.119880 43.000000
101.135864 43.000000
101.151848 43.000000
101.167832 43.000000
101.183816 43.000000
101.199800 43.000000
101.215784 43.000000
101.231768 43.000000
101.247752 43.000000
101.263736 43.000000
101.279720 43.000000
101.295704 43.000000
101.311688 43.000000
101.327672 43.000000
101.343656 43.000000
101.359640 43.000000
101.375624 43.000000
101.391608 43.000000
101.407592 43.000000
101.423576 43.000000
101.439560 43.000000
101.455544 43.000000
101.471528 43.000000
101.487512 43.000000
101.503497 43.000000
101.519481 43.000000
101.535465 43.000000
101.551449 43.000000
101.567433 43.000000
101.583417 43.000000
101.599401 43.000000
101.615385 43.000000
101.631369 43.000000
101.647353 43.000000
101.663337 43.000000
101.679321 43.000000
101.695305 43.000000
101.711289 43.000000
101.727273 43.000000
101.743257 43.000000
101.759241 43.000000
101.775225 43.000000
101.791209 43.000000
101.807193 43.000000
101.823177 43.000000
101.839161 43.000000
101.855145 43.000000
101.871129 43.000000
101.887113 43.000000
101.903097 43.000000
101.919081 43.000000
101.935065 43.000000
101.951049 43.000000
101.967033 43.000000
101.983017 43.000000
101.999001 43.000000
102.014985 43.000000
102.030969 43.000000
102.062937 43.000000
102.078921 43.000000
102.094905 43.000000
102.110889 43.000000
102.126873 43.000000
102.142857 43.000000
102.158841 43.000000
102.174825 43.000000
102.190809 43.000000
102.206793 43.000000
102.222777 43.000000
102.238761 43.000000
102.254745 43.000000
102.270729 43.000000
102.286713 43.000000
102.302697 43.000000
102.318681 43.000000
102.334665 43.000000
102.350649 43.000000
102.366633 43.000000
102.382617 43.000000
102.398601 43.000000
102.414585 43.000000
102.430569 43.000000
102.446553 43.000000
102.462537 43.000000
102.478521 43.000000
102.494505 43.000000
102.510490 43.000000
102.526474 43.000000
102.542458 43.000000
102.558442 43.000000
102.574426 43.000000
102.590410 43.000000
102.606394 43.000000
102.622378 43.000000
102.638362 43.000000
102.654346 43.000000
102.670330 43.000000
102.686314 43.000000
102.702298 43.000000
102.718282 43.000000
102.734266 43.000000
102.750250 43.000000
102.766234 43.000000
102.782218 43.000000
102.798202 43.000000
102.814186 43.000000
102.830170 43.000000
102.846154 43.000000
102.862138 43.000000
102.878122 43.000000
102.894106 43.000000
102.910090 43.000000
102.926074 43.000000
102.942058 43.000000
102.958042 43.000000
102.974026 43.000000
102.990010 43.000000
103.005994 43.000000
103.021978 43.000000
103.037962 43.000000
103.053946 43.000000
103.069930 43.000000
103.085914 43.000000
103.101898 43.000000
103.117882 43.000000
103.133866 43.000000
103.149850 43.000000
103.165834 43.000000
103.181818 43.000000
103.197802 43.000000
103.213786 43.000000
103.229770 43.000000
103.245754 43.000000
103.261738 43.000000
103.277722 43.000000
103.293706 43.000000
103.309690 43.000000
103.325674 43.000000
103.341658 43.000000
103.357642 43.000000
103.373626 43.000000
103.389610 43.000000
103.405594 43.000000
103.421578 43.000000
103.437562 43.000000
103.453546 43.000000
103.469530 43.000000
103.485514 43.000000
103.501499 43.000000
103.517483 43.000000
103.533467 43.000000
103.549451 43.000000
103.565435 43.000000
103.581419 43.000000
103.597403 43.000000
103.613387 43.000000
103.629371 43.000000
103.645355 43.000000
103.661339 43.000000
103.677323 43.000000
103.693307 43.000000
103.709291 43.000000
103.725275 43.000000
103.741259 43.000000
103.757243 43.000000
103.773227 43.000000
103.789211 43.000000
103.805195 43.000000
103.821179 43.000000
103.837163 43.000000
103.853147 43.000000
103.869131 43.000000
103.885115 43.000000
103.901099 43.000000
103.917083 43.000000
103.933067 43.000000
103.949051 43.000000
103.965035 43.000000
103.997003 43.000000
104.012987 43.000000
104.028971 43.000000
104.044955 43.000000
104.076923 43.000000
104.092907 43.000000
104.108891 43.000000
104.124875 43.000000
104.140859 43.000000
104.156843 43.000000
104.172827 43.000000
104.188811 43.000000
104.204795 43.000000
104.220779 43.000000
104.236763 43.000000
104.252747 43.000000
104.268731 43.000000
104.284715 43.000000
104.300699 43.000000
104.316683 43.000000
104.332667 43.000000
104.348651 43.000000
104.380619 43.000000
104.396603 43.000000
104.412587 43.000000
104.428571 43.000000
104.444555 43.000000
104.476523 43.000000
104.492507 43.000000
104.508492 43.000000
104.524476 43.000000
104.556444 43.000000
104.572428 43.000000
104.588412 43.000000
104.620380 43.000000
104.636364 43.000000
104.652348 43.000000
104.668332 43.000000
104.684316 43.000000
104.700300 43.000000
104.716284 43.000000
104.732268 43.000000
104.748252 43.000000
104.764236 43.000000
104.780220 43.000000
104.796204 43.000000
104.812188 43.000000
104.828172 43.000000
104.844156 43.000000
104.860140 43.000000
104.876124 43.000000
104.892108 43.000000
104.908092 43.000000
104.924076 43.000000
104.940060 43.000000
104.956044 43.000000
104.972028 43.000000
104.988012 43.000000
105.003996 43.000000
105.019980 43.000000
105.035964 43.000000
105.051948 43.000000
105.067932 43.000000
105.083916 43.000000
105.099900 43.000000
105.115884 43.000000
105.131868 43.000000
105.147852 43.000000
105.163836 43.000000
105.179820 43.000000
105.195804 43.000000
105.211788 43.000000
105.227772 43.000000
105.243756 43.000000
105.259740 43.000000
105.275724 43.000000
105.291708 43.000000
105.307692 43.000000
105.323676 43.000000
105.339660 43.000000
105.371628 43.000000
105.387612 43.000000
105.403596 43.000000
105.419580 43.000000
105.435564 43.000000
105.451548 43.000000
105.467532 43.000000
105.483516 43.000000
105.499500 43.000000
105.515485 43.000000
105.531469 43.000000
105.547453 43.000000
105.563437 43.000000
105.579421 43.000000
105.595405 43.000000
105.611389 43.000000
105.627373 43.000000
105.643357 43.000000
105.659341 43.000000
105.675325 43.000000
105.691309 43.000000
105.707293 43.000000
105.723277 43.000000
105.739261 43.000000
105.755245 43.000000
105.771229 43.000000
105.787213 43.000000
105.803197 43.000000
105.819181 43.000000
105.835165 43.000000
105.851149 43.000000
105.867133 43.000000
105.883117 43.000000
105.899101 43.000000
105.915085 43.000000
105.931069 43.000000
105.947053 43.000000
105.963037 43.000000
105.979021 43.000000
106.042957 43.000000
106.058941 43.000000
106.074925 43.000000
106.090909 43.000000
106.106893 43.000000
106.122877 43.000000
106.138861 43.000000
106.154845 43.000000
106.170829 43.000000
106.186813 43.000000
106.202797 43.000000
106.218781 43.000000
106.234765 43.000000
106.250749 43.000000
106.266733 43.000000
106.282717 43.000000
106.298701 43.000000
106.314685 43.000000
106.330669 43.000000
106.346653 43.000000
106.362637 43.000000
106.378621 43.000000
106.394605 43.000000
106.410589 43.000000
106.426573 43.000000
106.442557 43.000000
106.458541 43.000000
106.474525 43.000000
106.490509 43.000000
106.506494 43.000000
106.522478 43.000000
106.538462 43.000000
106.554446 43.000000
106.570430 43.000000
106.586414 43.000000
106.602398 43.000000
106.618382 43.000000
106.634366 43.000000
106.650350 43.000000
106.666334 43.000000
106.682318 43.000000
106.698302 43.000000
106.714286 43.000000
106.730270 43.000000
106.746254 43.000000
106.762238 43.000000
106.778222 43.000000
106.794206 43.000000
106.810190 43.000000
106.826174 43.000000
106.842158 43.000000
106.858142 43.000000
106.874126 43.000000
106.890110 43.000000
106.906094 43.000000
106.922078 43.000000
106.938062 43.000000
106.954046 43.000000
106.970030 43.000000
106.986014 43.000000
107.001998 43.000000
107.017982 43.000000
107.033966 43.000000
107.049950 43.000000
107.065934 43.000000
107.081918 43.000000
107.097902 43.000000
107.113886 43.000000
107.129870 43.000000
107.145854 43.000000
107.161838 43.000000
107.177822 43.000000
107.193806 43.000000
107.209790 43.000000
107.225774 43.000000
107.241758 43.000000
107.257742 43.000000
107.273726 43.000000
107.289710 43.000000
107.305694 43.000000
107.321678 43.000000
107.337662 43.000000
107.353646 43.000000
107.369630 43.000000
107.385614 43.000000
107.401598 43.000000
107.417582 43.000000
107.433566 43.000000
107.449550 43.000000
107.465534 43.000000
107.481518 43.000000
107.497502 43.000000
107.513487 43.000000
107.529471 43.000000
107.545455 43.000000
107.561439 43.000000
107.577423 43.000000
107.593407 43.000000
107.609391 43.000000
107.625375 43.000000
107.641359 43.000000
107.657343 43.000000
107.673327 43.000000
107.689311 43.000000
107.705295 43.000000
107.721279 43.000000
107.737263 43.000000
107.753247 43.000000
107.769231 43.000000
107.785215 43.000000
107.801199 43.000000
107.817183 43.000000
107.833167 43.000000
107.849151 43.000000
107.865135 43.000000
107.881119 43.000000
107.897103 43.000000
107.913087 43.000000
107.929071 43.000000
107.945055 43.000000
108.008991 43.000000
108.024975 43.000000
108.040959 43.000000
108.056943 43.000000
108.072927 43.000000
108.088911 43.000000
108.104895 43.000000
108.120879 43.000000
108.136863 43.000000
108.152847 43.000000
108.168831 43.000000
108.184815 43.000000
108.200799 43.000000
108.216783 43.000000
108.232767 43.000000
108.248751 43.000000
108.264735 43.000000
108.280719 43.000000
108.296703 43.000000
108.312687 43.000000
108.328671 43.000000
108.344655 43.000000
108.360639 43.000000
108.376623 43.000000
108.392607 43.000000
108.408591 43.000000
108.424575 43.000000
108.440559 43.000000
108.456543 43.000000
108.472527 43.000000
108.488511 43.000000
108.504496 43.000000
108.520480 43.000000
108.536464 43.000000
108.552448 43.000000
108.568432 43.000000
108.584416 43.000000
108.600400 43.000000
108.616384 43.000000
108.632368 43.000000
108.648352 43.000000
108.664336 43.000000
108.680320 43.000000
108.696304 43.000000
108.712288 43.000000
108.728272 43.000000
108.744256 43.000000
108.760240 43.000000
108.776224 43.000000
108.792208 43.000000
108.808192 43.000000
108.824176 43.000000
108.840160 43.000000
108.872128 43.000000
108.888112 43.000000
108.904096 43.000000
108.920080 43.000000
108.936064 43.000000
108.952048 43.000000
108.968032 43.000000
109.000000 43.000000
109.015984 43.000000
109.031968 43.000000
109.047952 43.000000
109.063936 43.000000
109.079920 43.000000
109.095904 43.000000
109.111888 43.000000
109.127872 43.000000
109.143856 43.000000
109.159840 43.000000
109.175824 43.000000
109.191808 43.000000
109.207792 43.000000
109.223776 43.000000
109.239760 43.000000
109.255744 43.000000
109.271728 43.000000
109.287712 43.000000
109.303696 43.000000
109.319680 43.000000
109.335664 43.000000
109.351648 43.000000
109.367632 43.000000
109.383616 43.000000
109.399600 43.000000
109.415584 43.000000
109.431568 43.000000
109.447552 43.000000
109.463536 43.000000
109.479520 43.000000
109.495504 43.000000
109.511489 43.000000
109.527473 43.000000
109.543457 43.000000
109.559441 43.000000
109.575425 43.000000
109.591409 43.000000
109.607393 43.000000
109.623377 43.000000
109.639361 43.000000
109.655345 43.000000
109.671329 43.000000
109.687313 43.000000
109.703297 43.000000
109.719281 43.000000
109.735265 43.000000
109.751249 43.000000
109.767233 43.000000
109.783217 43.000000
109.799201 43.000000
109.815185 43.000000
109.831169 43.000000
109.847153 43.000000
109.863137 43.000000
109.879121 43.000000
109.895105 43.000000
109.911089 43.000000
109.927073 43.000000
109.943057 43.000000
109.959041 43.000000
109.991009 43.000000
110.006993 43.000000
110.022977 43.000000
110.038961 43.000000
110.070929 43.000000
110.086913 43.000000
110.102897 43.000000
110.134865 43.000000
110.150849 43.000000
110.166833 43.000000
110.182817 43.000000
110.198801 43.000000
110.230769 43.000000
110.246753 43.000000
110.262737 43.000000
110.278721 43.000000
110.310689 43.000000
110.326673 43.000000
110.342657 43.000000
110.358641 43.000000
110.374625 43.000000
110.390609 43.000000
110.406593 43.000000
110.422577 43.000000
110.438561 43.000000
110.454545 43.000000
110.470529 43.000000
110.486513 43.000000
110.502498 43.000000
110.518482 43.000000
110.534466 43.000000
110.550450 43.000000
110.566434 43.000000
110.582418 43.000000
110.598402 43.000000
110.614386 43.000000
110.630370 43.000000
110.646354 43.000000
110.678322 43.000000
110.694306 43.000000
110.710290 43.000000
110.726274 43.000000
110.742258 43.000000
110.758242 43.000000
110.774226 43.000000
110.790210 43.000000
110.806194 43.000000
110.822178 43.000000
110.838162 43.000000
110.854146 43.000000
110.870130 43.000000
110.886114 43.000000
110.902098 43.000000
110.918082 43.000000
110.934066 43.000000
110.950050 43.000000
110.966034 43.000000
110.982018 43.000000
110.998002 43.000000
111.013986 43.000000
111.029970 43.000000
111.045954 43.000000
111.061938 43.000000
111.077922 43.000000
111.093906 43.000000
111.109890 43.000000
111.125874 43.000000
111.141858 43.000000
111.157842 43.000000
111.173826 43.000000
111.189810 43.000000
111.205794 43.000000
111.221778 43.000000
111.237762 43.000000
111.253746 43.000000
111.269730 43.000000
111.285714 43.000000
111.301698 43.000000
111.317682 43.000000
111.333666 43.000000
111.349650 43.000000
111.365634 43.000000
111.381618 43.000000
111.397602 43.000000
111.413586 43.000000
111.429570 43.000000
111.445554 43.000000
111.461538 43.000000
111.477522 43.000000
111.493506 43.000000
111.509491 43.000000
111.525475 43.000000
111.541459 43.000000
111.557443 43.000000
111.573427 43.000000
111.589411 43.000000
111.605395 43.000000
111.621379 43.000000
111.637363 43.000000
111.653347 43.000000
111.669331 43.000000
111.685315 43.000000
111.717283 43.000000
111.733267 43.000000
111.749251 43.000000
111.765235 43.000000
111.781219 43.000000
111.797203 43.000000
111.813187 43.000000
111.829171 43.000000
111.845155 43.000000
111.861139 43.000000
111.877123 43.000000
111.893107 43.000000
111.909091 43.000000
111.925075 43.000000
111.973027 43.000000
111.989011 43.000000
112.004995 43.000000
112.020979 43.000000
112.036963 43.000000
112.052947 43.000000
112.068931 43.000000
112.084915 43.000000
112.100899 43.000000
112.116883 43.000000
112.132867 43.000000
112.148851 43.000000
112.164835 43.000000
112.180819 43.000000
112.196803 43.000000
112.228771 43.000000
112.244755 43.000000
112.260739 43.000000
112.276723 43.000000
112.292707 43.000000
112.308691 43.000000
112.324675 43.000000
112.340659 43.000000
112.356643 43.000000
112.372627 43.000000
112.388611 43.000000
112.404595 43.000000
112.420579 43.000000
112.436563 43.000000
112.452547 43.000000
112.468531 43.000000
112.484515 43.000000
112.500500 43.000000
112.516484 43.000000
112.532468 43.000000
112.564436 43.000000
112.580420 43.000000
112.596404 43.000000
112.612388 43.000000
112.628372 43.000000
112.644356 43.000000
112.660340 43.000000
112.676324 43.000000
112.692308 43.000000
112.708292 43.000000
112.724276 43.000000
112.740260 43.000000
112.756244 43.000000
112.772228 43.000000
112.788212 43.000000
112.804196 43.000000
112.820180 43.000000
112.836164 43.000000
112.852148 43.000000
112.868132 43.000000
112.884116 43.000000
112.900100 43.000000
112.916084 43.000000
112.932068 43.000000
112.948052 43.000000
112.964036 43.000000
112.980020 43.000000
112.996004 43.000000
113.011988 43.000000
113.027972 43.000000
113.043956 43.000000
113.059940 43.000000
113.075924 43.000000
113.091908 43.000000
113.107892 43.000000
113.139860 43.000000
113.155844 43.000000
113.171828 43.000000
113.187812 43.000000
113.203796 43.000000
113.219780 43.000000
113.235764 43.000000
113.251748 43.000000
113.267732 43.000000
113.299700 43.000000
113.315684 43.000000
113.331668 43.000000
113.347652 43.000000
113.363636 43.000000
113.379620 43.000000
113.395604 43.000000
113.411588 43.000000
113.427572 43.000000
113.443556 43.000000
113.459540 43.000000
113.475524 43.000000
113.491508 43.000000
113.507493 43.000000
113.523477 43.000000
113.539461 43.000000
113.555445 43.000000
113.571429 43.000000
113.587413 43.000000
113.603397 43.000000
113.619381 43.000000
113.635365 43.000000
113.651349 43.000000
113.667333 43.000000
113.683317 43.000000
113.699301 43.000000
113.715285 43.000000
113.731269 43.000000
113.747253 43.000000
113.763237 43.000000
113.779221 43.000000
113.795205 43.000000
113.811189 43.000000
113.827173 43.000000
113.843157 43.000000
113.859141 43.000000
113.875125 43.000000
113.891109 43.000000
113.907093 43.000000
113.923077 43.000000
113.939061 43.000000
113.955045 43.000000
113.971029 43.000000
113.987013 43.000000
114.002997 43.000000
114.034965 43.000000
114.050949 43.000000
114.066933 43.000000
114.082917 43.000000
114.098901 43.000000
114.114885 43.000000
114.130869 43.000000
114.146853 43.000000
114.162837 43.000000
114.178821 43.000000
114.194805 43.000000
114.210789 43.000000
114.226773 43.000000
114.242757 43.000000
114.258741 43.000000
114.274725 43.000000
114.290709 43.000000
114.306693 43.000000
114.322677 43.000000
114.338661 43.000000
114.354645 43.000000
114.370629 43.000000
114.386613 43.000000
114.402597 43.000000
114.418581 43.000000
114.434565 43.000000
114.450549 43.000000
114.466533 43.000000
114.482517 43.000000
114.498501 43.000000
114.514486 43.000000
114.530470 43.000000
114.546454 43.000000
114.562438 43.000000
114.578422 43.000000
114.594406 43.000000
114.610390 43.000000
114.626374 43.000000
114.642358 43.000000
114.658342 43.000000
114.674326 43.000000
114.690310 43.000000
114.706294 43.000000
114.722278 43.000000
114.738262 43.000000
114.754246 43.000000
114.770230 43.000000
114.786214 43.000000
114.802198 43.000000
114.818182 43.000000
114.834166 43.000000
114.850150 43.000000
114.866134 43.000000
114.882118 43.000000
114.898102 43.000000
113.722610 40.944984
113.721012 40.944244
113.714920 40.941426
113.701755 40.935334
113.688590 40.929242
113.675424 40.923150
113.669333 40.920331
113.656167 40.914239
113.643002 40.908148
113.647449 40.910205
113.638873 40.906237
113.632645 40.903355
113.628856 40.901602
113.626374 40.900453
113.625622 40.900106
113.623745 40.899237
113.610580 40.893145
113.597415 40.887053
113.591323 40.884234
113.578158 40.878142
113.564993 40.872051
113.562860 40.871064
113.560075 40.869775
113.559340 40.869435
113.561802 40.870575
113.552538 40.866288
113.551479 40.865798
113.551827 40.865959
113.545736 40.863140
113.532570 40.857048
113.519405 40.850956
113.506240 40.844864
113.493075 40.838772
113.477524 40.834130
113.473775 40.833196
113.468347 40.831844
113.468095 40.831781
113.458725 40.829447
113.443675 40.825697
113.428625 40.821948
113.413575 40.818198
113.398526 40.814449
113.394776 40.813515
113.379726 40.809765
113.364676 40.806016
113.349626 40.802266
113.334577 40.798516
113.319527 40.794767
113.315777 40.793833
113.300727 40.790083
113.285678 40.786334
113.270628 40.782584
113.255578 40.778835
113.240528 40.775085
113.239886 40.774925
113.233029 40.773217
113.214230 40.768533
113.207030 40.766739
113.206679 40.766652
113.191629 40.762903
113.176579 40.759153
113.168729 40.757198
113.159453 40.754886
113.157780 40.754469
113.142730 40.750720
113.127680 40.746970
113.117110 40.744337
113.111226 40.740764
113.099548 40.733672
113.092457 40.729366
113.080779 40.722274
113.069102 40.715183
113.062010 40.710877
113.050333 40.703785
113.038655 40.696694
113.031564 40.692387
113.012795 40.680989
113.001117 40.673898
112.989440 40.666806
112.982348 40.662500
112.970671 40.655408
112.963579 40.651102
112.951901 40.644011
112.933132 40.632613
112.921455 40.625521
112.914363 40.621215
112.902686 40.614123
112.891008 40.607032
112.883917 40.602725
112.872239 40.595634
112.856525 40.587583
112.852182 40.586300
112.837481 40.581956
112.822781 40.577612
112.818437 40.576328
112.803736 40.571984
112.789036 40.567640
112.784692 40.566357
112.769992 40.562013
112.755291 40.557669
112.740591 40.553325
112.736247 40.552042
112.721546 40.547698
112.706846 40.543354
112.702502 40.542070
112.687802 40.537726
112.682054 40.536028
112.677445 40.534666
112.673101 40.533383
112.668757 40.532099
112.654057 40.527755
112.639357 40.523411
112.635013 40.522128
112.620312 40.517784
112.605612 40.513440
112.601268 40.512156
112.586568 40.507812
112.571867 40.503468
112.557167 40.499125
112.542466 40.494781
112.527766 40.490437
112.513065 40.486093
112.498365 40.481749
112.486193 40.479215
112.487891 40.479568
112.484832 40.478853
112.484399 40.478841
112.484398 40.478841
112.468426 40.478408
112.452454 40.477975
112.436482 40.477542
112.420509 40.477108
112.404537 40.476675
112.388565 40.476242
112.372593 40.475809
112.356620 40.475376
112.340648 40.474943
112.324676 40.474510
112.321033 40.474411
112.309137 40.474088
112.293164 40.473655
112.277192 40.473222
112.280934 40.473323
112.276759 40.473210
112.260787 40.472777
112.244814 40.472344
112.244522 40.472337
112.229708 40.471935
112.213736 40.471502
112.197764 40.471068
112.181792 40.470635
112.165819 40.470202
112.149847 40.469769
112.133875 40.469336
112.117902 40.468903
112.101930 40.468470
112.085958 40.468037
112.085525 40.468025
112.069553 40.467592
112.053580 40.467159
112.037608 40.466726
112.021636 40.466293
112.005663 40.465859
111.989691 40.465426
111.973719 40.464993
111.957747 40.464560
111.941774 40.464127
111.929106 40.463431
111.913468 40.461103
111.911140 40.460757
111.895503 40.458429
111.879865 40.456101
111.864228 40.453774
111.848590 40.451446
111.832953 40.449118
111.817315 40.446790
111.801678 40.444462
111.799350 40.444116
111.783713 40.441788
111.768075 40.439460
111.752438 40.437133
111.758893 40.438094
111.750110 40.436786
111.734472 40.434458
111.718835 40.432131
111.703197 40.429803
111.687560 40.427475
111.671922 40.425147
111.653957 40.422473
111.640533 40.420474
111.637552 40.420016
111.623304 40.417623
111.618095 40.416503
111.611312 40.415044
111.600338 40.412684
111.608026 40.414338
111.589463 40.410345
111.580091 40.408330
111.565480 40.405187
111.550203 40.401901
111.547856 40.401397
111.543631 40.400488
111.540345 40.399781
111.525068 40.396496
111.509791 40.393210
111.494513 40.389924
111.491228 40.389217
111.480958 40.387009
111.467244 40.384059
111.451967 40.380773
111.448120 40.379946
111.442110 40.378653
111.426832 40.375368
111.411555 40.372082
111.396278 40.368796
111.392992 40.368089
111.377715 40.364804
111.383620 40.366074
111.369009 40.362931
111.353732 40.359645
111.342738 40.357281
111.347160 40.358232
111.331883 40.354946
111.313320 40.350954
111.298042 40.347668
111.282765 40.344382
111.267488 40.341097
111.252210 40.337811
111.236933 40.334525
111.221656 40.331239
111.206378 40.327954
111.191101 40.324668
111.175824 40.321382
111.160546 40.318096
111.141983 40.314104
111.126706 40.310818
111.110582 40.307961
111.094765 40.306334
111.078949 40.304707
111.063132 40.303080
111.047316 40.301452
111.031499 40.299825
111.015682 40.298198
110.999866 40.296571
110.984049 40.294943
110.968233 40.293316
110.952416 40.291689
110.936599 40.290061
110.934972 40.289894
110.919155 40.288267
110.903339 40.286639
110.887522 40.285012
110.871706 40.283385
110.855889 40.281758
110.863444 40.282535
110.854262 40.281590
110.845301 40.280668
110.840072 40.280130
110.824256 40.278503
110.808439 40.276876
110.792623 40.275249
110.776806 40.273621
110.760990 40.271994
110.752728 40.271144
110.743546 40.270199
110.735046 40.269325
110.745173 40.270367
110.729356 40.268739
110.713540 40.267112
110.697723 40.265485
110.689567 40.264646
110.680279 40.263690
110.664235 40.263016
110.663062 40.262960
110.647085 40.262636
110.631108 40.262311
110.615130 40.261987
110.599153 40.261663
110.583175 40.261339
110.567198 40.261015
110.551220 40.260691
110.535243 40.260367
110.519265 40.260043
110.503288 40.259719
110.487311 40.259395
110.471333 40.259071
110.455356 40.258747
110.439378 40.258423
110.423401 40.258099
110.407423 40.257775
110.391446 40.257451
110.375468 40.257127
110.359491 40.256803
110.343514 40.256479
110.327536 40.256155
110.311559 40.255831
110.295581 40.255507
110.279604 40.255183
110.263626 40.254859
110.247649 40.254535
110.231671 40.254211
110.215694 40.253887
110.199717 40.253563
110.190285 40.253372
110.183415 40.253232
110.167438 40.252908
110.151460 40.252584
110.135483 40.252260
110.119505 40.251936
110.103528 40.251612
110.087550 40.251288
110.071573 40.250964
110.055596 40.250640
110.042504 40.250375
110.056244 40.250654
110.040266 40.250329
110.040372 40.250331
110.039618 40.250316
110.023641 40.249992
110.007663 40.249668
109.991686 40.249344
109.975708 40.249020
109.959731 40.248696
109.943753 40.248372
109.925360 40.248389
109.922977 40.248508
109.922974 40.248508
109.907030 40.249304
109.891086 40.250099
109.875141 40.250894
109.859197 40.251690
109.843253 40.252485
109.827308 40.253281
109.811364 40.254076
109.795420 40.254871
109.779475 40.255667
109.763531 40.256462
109.747587 40.257257
109.746791 40.257297
109.746866 40.257293
109.733233 40.257973
109.717289 40.258769
109.701344 40.259564
109.700787 40.259592
109.698958 40.259683
109.683014 40.260479
109.667070 40.261274
109.651125 40.262069
109.635647 40.262842
109.621623 40.263541
109.605678 40.264336
109.589734 40.265132
109.573790 40.265927
109.573300 40.265951
109.587348 40.265251
109.571404 40.266046
109.555949 40.266818
109.525957 40.268313
109.525467 40.268337
109.539515 40.267637
109.523571 40.268432
109.507626 40.269228
109.491682 40.270023
109.490410 40.270086
109.462179 40.271495
109.446235 40.272290
109.445769 40.272313
109.443849 40.272409
109.427904 40.273205
109.411960 40.274000
109.396016 40.274795
109.380071 40.275591
109.375859 40.275801
109.366513 40.276267
109.350569 40.277062
109.350103 40.277085
109.348183 40.277181
109.334607 40.277859
109.324146 40.278288
109.332238 40.277977
109.317755 40.278534
109.301783 40.278985
109.285812 40.279437
109.269841 40.279888
109.253870 40.280340
109.237898 40.280791
109.221927 40.281243
109.205956 40.281694
109.189985 40.282146
109.174013 40.282597
109.158042 40.283049
109.142071 40.283500
109.126100 40.283951
109.118147 40.284176
109.111031 40.284377
109.103038 40.284603
109.094157 40.284854
109.078186 40.285306
109.062215 40.285757
109.054262 40.285982
109.047146 40.286183
109.039153 40.286409
109.030272 40.286660
109.014301 40.287112
109.022294 40.286886
109.015204 40.287086
109.007211 40.287312
108.998330 40.287563
108.990377 40.287788
108.983261 40.287989
108.975268 40.288215
108.966387 40.288466
108.966839 40.288454
108.950867 40.288905
108.934896 40.289357
108.918925 40.289808
108.902954 40.290259
108.890863 40.290601
108.887434 40.290698
108.883663 40.290805
108.871011 40.291162
108.859158 40.291497
108.855491 40.291601
108.851269 40.291720
108.855040 40.291614
108.839069 40.292065
108.826978 40.292407
108.823549 40.292504
108.815788 40.292723
108.823097 40.292517
108.807126 40.292968
108.791155 40.293420
108.777335 40.293012
108.761365 40.292541
108.745395 40.292069
108.729425 40.291598
108.712984 40.291112
108.697014 40.290641
108.695782 40.290605
108.681515 40.290183
108.666341 40.289735
108.665073 40.289698
108.649103 40.289227
108.633133 40.288755
108.617163 40.288284
108.601193 40.287812
108.585223 40.287341
108.569253 40.286869
108.553283 40.286398
108.537313 40.285926
108.521342 40.285455
108.520546 40.285432
108.505844 40.284997
108.490670 40.284549
108.505372 40.284984
108.489402 40.284512
108.473432 40.284041
108.457462 40.283569
108.441492 40.283098
108.425522 40.282626
108.409552 40.282155
108.393582 40.281683
108.377612 40.281212
108.361641 40.280740
108.345671 40.280269
108.343607 40.280208
108.330644 40.279825
108.316738 40.279415
108.313731 40.279326
108.311667 40.279265
108.298704 40.278882
108.298677 40.278882
108.305092 40.279071
108.297761 40.278855
108.277043 40.278572
108.261223 40.280183
108.259613 40.280347
108.243792 40.281957
108.227972 40.283567
108.212152 40.285178
108.196332 40.286788
108.180512 40.288399
108.164692 40.290009
108.148872 40.291620
108.133052 40.293230
108.117232 40.294841
108.132204 40.293316
108.131441 40.293394
108.115621 40.295004
108.100571 40.296537
108.085592 40.298061
108.069772 40.299672
108.053952 40.301282
108.052341 40.301446
108.036521 40.303057
108.020701 40.304667
108.004881 40.306278
108.003270 40.306441
107.988220 40.307974
107.973241 40.309498
107.972471 40.309576
107.971630 40.309662
107.955810 40.311273
107.956580 40.311195
107.941601 40.312719
107.940744 40.312806
107.939990 40.312883
107.933342 40.313560
107.925780 40.314330
107.909960 40.315940
107.894140 40.317551
107.878320 40.319161
107.862500 40.320772
107.846680 40.322382
107.830860 40.323992
107.832470 40.323828
107.816650 40.325439
107.807307 40.321710
107.799868 40.316638
107.788956 40.309198
107.778044 40.301759
107.767132 40.294319
107.756220 40.286880
107.745308 40.279440
107.737868 40.274368
107.730429 40.269296
107.720013 40.262195
107.716044 40.259489
107.715246 40.258945
107.708605 40.254417
107.701165 40.249345
107.690253 40.241906
107.699004 40.247872
107.697693 40.246978
107.686781 40.239538
107.686776 40.239536
107.679341 40.234466
107.656658 40.224548
107.651535 40.222690
107.637409 40.217567
107.623283 40.212444
107.609157 40.207321
107.604034 40.205463
107.589908 40.200339
107.575782 40.195216
107.561656 40.190093
107.556533 40.188235
107.542407 40.183112
107.528281 40.177989
107.514155 40.172866
107.509032 40.171008
107.494906 40.165885
107.480780 40.160762
107.475657 40.158903
107.461531 40.153780
107.447405 40.148657
107.433279 40.143534
107.428155 40.141676
107.418240 40.138080
107.408190 40.132206
107.401226 40.128135
107.389312 40.121172
107.396628 40.125448
107.396276 40.125242
107.384362 40.118278
107.377399 40.114208
107.370083 40.109932
107.358521 40.103174
107.351558 40.099104
107.339644 40.092141
107.342435 40.093772
107.334694 40.089247
107.315816 40.078213
107.313025 40.076582
107.320766 40.081107
107.308853 40.074143
107.301889 40.070073
107.289975 40.063109
107.283012 40.059039
107.271098 40.052076
107.264134 40.048005
107.252220 40.041042
107.245257 40.036972
107.233243 40.029954
107.226340 40.025989
107.214321 40.019085
107.202302 40.012182
107.202421 40.012251
107.197187 40.009244
107.185168 40.002340
107.184109 40.001732
107.183380 40.001313
107.182475 40.000793
107.166246 39.991472
107.154227 39.984568
107.147323 39.980603
107.146484 39.980121
107.157554 39.986480
107.145535 39.979576
107.138632 39.975611
107.119710 39.964742
107.107691 39.957839
107.110597 39.959508
107.097460 39.951962
107.091865 39.948749
107.088769 39.946970
107.082001 39.943083
107.078538 39.941094
107.066519 39.934190
107.063765 39.932608
107.062943 39.932136
107.050924 39.925233
107.041118 39.920355
107.035454 39.918001
107.021823 39.912337
107.008193 39.906673
106.994563 39.901009
106.988899 39.898656
106.975268 39.892991
106.961638 39.887327
106.948008 39.881663
106.928713 39.873645
106.919703 39.869901
106.918445 39.869378
106.904815 39.863714
106.899151 39.861361
106.896123 39.860103
106.909419 39.865628
106.895789 39.859964
106.882158 39.854299
106.865417 39.847343
106.852596 39.842015
106.849568 39.840757
106.862864 39.846282
106.849234 39.840618
106.835604 39.834953
106.814548 39.799343
106.816431 39.785853
106.816126 39.788041
106.816126 39.788041
106.817332 39.779398
106.818620 39.770174
106.820809 39.754496
106.822997 39.738817
106.825186 39.723139
106.827374 39.707460
106.829563 39.691782
106.829257 39.693970
106.831446 39.678292
106.832906 39.667826
106.834551 39.656048
106.835279 39.650835
106.833634 39.662613
106.835823 39.646935
106.836341 39.619303
106.831837 39.604708
106.827333 39.590114
106.829401 39.596815
106.827121 39.589427
106.825944 39.585610
106.821440 39.571016
106.816936 39.556422
106.812432 39.541828
106.807929 39.527234
106.803425 39.512639
106.798921 39.498045
106.797531 39.493542
106.793028 39.478947
106.788524 39.464353
106.784020 39.449759
106.782631 39.445255
106.778127 39.430661
106.773623 39.416067
106.774657 39.419417
106.770509 39.405976
106.767400 39.395901
106.762693 39.390005
106.755128 39.380528
106.747334 39.370766
106.741113 39.362972
106.733319 39.353210
106.725526 39.343447
106.719304 39.335654
106.711511 39.325891
106.705290 39.318098
106.697496 39.308335
106.689703 39.298573
106.683481 39.290780
106.675688 39.281017
106.669466 39.273224
106.661673 39.263461
106.655451 39.255668
106.659507 39.260749
106.658529 39.259523
106.654891 39.254967
106.647658 39.245905
106.639864 39.236143
106.633643 39.228349
106.630962 39.224992
106.630499 39.224411
106.622706 39.214649
106.621304 39.212893
106.625849 39.218587
106.619628 39.210793
106.611834 39.201031
106.605341 39.192933
106.597351 39.184743
106.581568 39.168563
106.573579 39.160372
106.565785 39.152383
106.566796 39.153419
106.565393 39.151981
106.557600 39.143992
106.549610 39.135801
106.541816 39.127812
106.533827 39.119621
106.526033 39.111632
106.518044 39.103441
106.510250 39.095452
106.509639 39.094825
106.502652 39.087663
106.494663 39.079473
106.486869 39.071483
106.478880 39.063293
106.471086 39.055303
106.464535 39.048588
106.462900 39.046912
106.462547 39.046550
106.463096 39.047113
106.455303 39.039123
106.447867 39.031501
106.447117 39.030732
106.439324 39.022743
106.431334 39.014552
106.423540 39.006563
106.415747 38.998573
106.407757 38.990383
106.399964 38.982393
106.393343 38.975870
106.392160 38.974841
106.392159 38.974840
106.383060 38.966925
106.375145 38.960040
106.366046 38.952125
106.358131 38.945240
106.349032 38.937325
106.341117 38.930440
106.332019 38.922525
106.324104 38.915640
106.315005 38.907725
106.307090 38.900840
106.297991 38.892925
106.290076 38.886040
106.280977 38.878125
106.273062 38.871240
106.263963 38.863325
106.256048 38.856439
106.248133 38.849554
106.240218 38.842669
106.239603 38.842134
106.239034 38.841639
106.229935 38.833724
106.222020 38.826839
106.212921 38.818924
106.205006 38.812039
106.195907 38.804124
106.187992 38.797239
106.170978 38.782439
106.156446 38.764076
106.153033 38.757526
106.146482 38.744955
106.136518 38.725834
106.129967 38.713264
106.120003 38.694143
106.116589 38.687592
106.110039 38.675022
106.106625 38.668471
106.101867 38.659341
106.103488 38.662452
106.096937 38.649881
106.093524 38.643331
106.086973 38.630760
106.083560 38.624210
106.077009 38.611639
106.070458 38.599069
106.067045 38.592518
106.060494 38.579948
106.053943 38.567377
106.050530 38.560827
106.043979 38.548256
106.049440 38.558736
106.043703 38.547726
106.041331 38.543174
106.037429 38.535686
106.030878 38.523116
106.029194 38.519884
106.024051 38.510014
106.019293 38.500884
106.020914 38.503995
106.014363 38.491424
106.007812 38.478854
106.009260 38.481633
106.007812 38.478853
105.999535 38.450907
105.998616 38.446865
105.997322 38.430987
105.996029 38.415108
105.994735 38.399229
105.993442 38.383351
105.992149 38.367472
105.990855 38.351593
105.989562 38.335715
105.988269 38.319836
105.986975 38.303957
105.985682 38.288079
105.984388 38.272200
105.983095 38.256321
105.981802 38.240443
105.980921 38.229636
105.980403 38.223271
105.979110 38.207392
105.977816 38.191513
105.977711 38.190220
105.977711 38.190218
105.977330 38.185545
105.972123 38.173086
105.964060 38.153791
105.958373 38.140184
105.952686 38.126577
105.947000 38.112969
105.944623 38.107282
105.938936 38.093675
105.933250 38.080067
105.930244 38.072874
105.928497 38.068694
105.926120 38.063007
105.923439 38.056593
105.919500 38.047166
105.916884 38.040906
105.914747 38.035792
105.913432 38.032647
105.913813 38.033558
105.908126 38.019951
105.908993 38.022025
105.908126 38.019950
105.904347 38.008707
105.900273 37.993840
105.899211 37.989966
105.896923 37.981616
105.892848 37.966749
105.892616 37.965903
105.891007 37.960031
105.886932 37.945164
105.885815 37.941089
105.881741 37.926222
105.877666 37.911354
105.873591 37.896487
105.874477 37.899721
105.873199 37.895056
105.870587 37.885525
105.872474 37.892412
105.868400 37.877545
105.867338 37.873671
105.865050 37.865321
105.863933 37.861246
105.860920 37.850253
105.859134 37.843736
105.855059 37.828869
105.850984 37.814001
105.846910 37.799134
105.845793 37.795059
105.841718 37.780192
105.838100 37.766990
105.834409 37.760812
105.829983 37.753405
105.827458 37.749179
105.820420 37.737401
105.816682 37.731146
105.823165 37.741996
105.816127 37.730217
105.809089 37.718439
105.802051 37.706660
105.797846 37.699622
105.790808 37.687843
105.783769 37.676065
105.779564 37.669027
105.772526 37.657248
105.765488 37.645470
105.761282 37.638432
105.754244 37.626653
105.750039 37.619615
105.743001 37.607837
105.735963 37.596058
105.731757 37.589020
105.724719 37.577241
105.720514 37.570203
105.713476 37.558425
105.709270 37.551387
105.702232 37.539608
105.698870 37.533981
105.698227 37.533620
105.691402 37.529785
105.679252 37.522960
105.672427 37.519126
105.660277 37.512300
105.641302 37.501640
105.629152 37.494815
105.622327 37.490980
105.610177 37.484155
105.598028 37.477329
105.585878 37.470504
105.589020 37.472269
105.587379 37.471347
105.575230 37.464522
105.573763 37.463698
105.579053 37.466670
105.566903 37.459844
105.558973 37.455389
105.556255 37.453862
105.554238 37.452729
105.547928 37.449184
105.535778 37.442359
105.542850 37.446332
105.537280 37.443202
105.533730 37.441208
105.461889 37.341816
105.446125 37.343677
105.430360 37.345539
105.414596 37.347400
105.416458 37.347181
105.415228 37.347326
105.408139 37.348163
105.404505 37.348592
105.400693 37.349042
105.384929 37.350903
105.369165 37.352765
105.353401 37.354626
105.337637 37.356488
105.321872 37.358349
105.306108 37.360211
105.290344 37.362072
105.275724 37.363538
105.259740 37.363538
105.243756 37.363538
105.227772 37.363538
105.211788 37.363538
105.195804 37.363538
105.179820 37.363538
105.163836 37.363538
105.147852 37.363538
105.131868 37.363538
105.115884 37.363538
105.099900 37.363538
105.083916 37.363538
105.067932 37.363538
105.051948 37.363538
105.035964 37.363538
105.019980 37.363538
105.003996 37.363538
104.988012 37.363538
104.972028 37.363538
104.956044 37.363538
104.954130 37.363538
104.487860 37.458468
104.477793 37.459062
104.461864 37.460003
104.469618 37.459545
104.464686 37.459836
104.448117 37.460814
104.445936 37.460943
104.430007 37.461884
104.429067 37.461939
104.413138 37.462880
104.397210 37.463820
104.389035 37.464303
104.384103 37.464594
104.367534 37.465572
104.365353 37.465701
104.365333 37.465702
104.351305 37.466530
104.335377 37.467471
104.319448 37.468411
104.311212 37.468898
104.316627 37.468578
104.300699 37.469518
104.284770 37.470459
104.268842 37.471399
104.252913 37.472340
104.236044 37.473336
104.219444 37.475206
104.228342 37.474204
104.223517 37.474678
104.207797 37.476714
104.192077 37.478751
104.176356 37.480788
104.160636 37.482824
104.144916 37.484861
104.142880 37.485125
104.127159 37.487162
104.111439 37.489198
104.095719 37.491235
104.088187 37.492211
104.091646 37.491763
104.075926 37.493799
104.063604 37.495396
104.062242 37.495572
104.046522 37.497609
104.030802 37.499645
104.015082 37.501682
104.008735 37.502504
104.013045 37.501946
103.998920 37.503776
103.814360 37.533981
103.805195 37.533981
103.789211 37.533981
103.773227 37.533981
103.757243 37.533981
103.741259 37.533981
103.725275 37.533981
103.709291 37.533981
103.693307 37.533981
103.677323 37.533981
103.661339 37.533981
103.645355 37.533981
103.629371 37.533981
103.626550 37.533981
103.348080 37.473571
103.342284 37.474948
103.327779 37.478392
103.323152 37.479491
103.320592 37.480099
103.305461 37.483693
103.290331 37.487286
103.286737 37.488140
103.271607 37.491733
103.256476 37.495327
103.241346 37.498921
103.226215 37.502514
103.207491 37.506961
103.206866 37.507109
103.203141 37.507994
103.188636 37.511440
103.192361 37.510555
103.177230 37.514148
103.176457 37.514332
103.172880 37.515181
103.157749 37.518775
103.142619 37.522368
103.141437 37.522649
103.146969 37.521335
103.128245 37.525782
103.128871 37.525633
103.123895 37.526815
103.108764 37.530409
103.093634 37.534002
103.078503 37.537596
103.077877 37.537745
103.067723 37.540156
103.052592 37.543750
103.037462 37.547343
103.037458 37.547344
103.029518 37.549230
103.018691 37.552106
103.013524 37.554001
103.010581 37.555080
103.003191 37.557790
102.989102 37.562957
102.981382 37.565788
102.980179 37.566229
102.966090 37.571396
102.952001 37.576563
102.946834 37.578458
102.932745 37.583625
102.918656 37.588792
102.913489 37.590687
102.899400 37.595854
102.885310 37.601020
102.871221 37.606187
102.866054 37.608082
102.851965 37.613249
102.837876 37.618416
102.832709 37.620311
102.818620 37.625478
102.804531 37.630645
102.799364 37.632539
102.785275 37.637706
102.771186 37.642873
102.766019 37.644768
102.751929 37.649935
102.737840 37.655102
102.732673 37.656997
102.718584 37.662163
102.713417 37.664058
102.699328 37.669225
102.685239 37.674392
102.680072 37.676287
102.665983 37.681454
102.660816 37.683349
102.646727 37.688516
102.641560 37.690410
102.627471 37.695577
102.613382 37.700744
102.594345 37.714392
102.593577 37.715242
102.593576 37.715243
102.585625 37.724046
102.578444 37.731997
102.570493 37.740799
102.563311 37.748750
102.555360 37.757552
102.551702 37.761602
102.548948 37.764651
102.541766 37.772602
102.534584 37.780553
102.529275 37.786431
102.517914 37.799009
102.509963 37.807811
102.502781 37.815762
102.494830 37.824565
102.487649 37.832515
102.479698 37.841318
102.472516 37.849268
102.465334 37.857219
102.457383 37.866022
102.450202 37.873972
102.442251 37.882775
102.435069 37.890726
102.427888 37.898676
102.419937 37.907479
102.412755 37.915430
102.404804 37.924232
102.397622 37.932183
102.384977 37.940089
102.380151 37.941711
102.365789 37.946537
102.346600 37.952985
102.332238 37.957812
102.327412 37.959433
102.313049 37.964260
102.308644 37.965741
102.303631 37.967425
102.298804 37.969047
102.284442 37.973873
102.281692 37.974797
102.274672 37.977156
102.269846 37.978778
102.255484 37.983605
102.241122 37.988431
102.236296 37.990053
102.221933 37.994879
102.219212 37.995794
102.212515 37.998044
102.211873 37.998260
102.202745 38.001327
102.188383 38.006154
102.174021 38.010980
102.159658 38.015807
102.145296 38.020633
102.130934 38.025459
102.126410 38.026979
102.116689 38.030246
102.106851 38.033553
102.116572 38.030286
102.102210 38.035112
102.087848 38.039938
102.073486 38.044765
102.083324 38.041458
102.073603 38.044725
102.068776 38.046347
102.059031 38.049622
102.044761 38.054417
102.030399 38.059244
102.020510 38.062567
100.000000 38.188811
100.000000 38.204795
100.000000 38.220779
100.000000 38.236763
100.000000 38.252747
100.000000 38.268731
100.000000 38.284715
100.000000 38.300699
100.000000 38.316683
100.000000 38.332667
100.000000 38.348651
100.000000 38.364635
100.000000 38.380619
100.000000 38.396603
100.000000 38.412587
100.000000 38.428571
100.000000 38.444555
100.000000 38.460539
100.000000 38.476523
100.000000 38.492507
