104.410651 32.079350
104.418519 32.088743
104.425110 32.096611
104.431563 32.104315
104.434461 32.107774
104.441052 32.115642
104.448920 32.125035
104.454722 32.131962
104.461897 32.140527
104.463963 32.142993
104.469765 32.149920
104.476356 32.157788
104.484224 32.167181
104.488102 32.171810
104.490816 32.175049
104.498684 32.184442
104.501800 32.188163
104.505275 32.192311
104.507399 32.194846
104.513143 32.201703
104.513938 32.202652
104.527602 32.218965
104.530991 32.223010
104.535471 32.228358
104.542062 32.236226
104.543876 32.238391
104.547376 32.242569
104.555244 32.251962
104.563112 32.261355
104.566951 32.265938
104.570980 32.270748
104.578849 32.280141
104.586717 32.289534
104.593308 32.297403
104.601176 32.306796
104.609165 32.320209
104.615535 32.333028
104.621130 32.344286
104.621905 32.345846
104.625070 32.352216
104.631440 32.365035
104.637810 32.377853
104.640976 32.384223
104.647346 32.397042
104.656881 32.416230
104.663251 32.429049
104.669621 32.441868
104.679156 32.461056
104.685526 32.473875
104.691841 32.486584
104.698227 32.499433
104.704597 32.512252
104.710967 32.525071
104.712605 32.528369
104.714171 32.531519
104.717213 32.537641
104.720502 32.544259
104.726872 32.557078
104.730037 32.563448
104.736407 32.576266
104.742777 32.589085
104.744990 32.593539
104.752352 32.608352
104.757616 32.618948
104.758721 32.621171
104.765053 32.633913
104.765091 32.633990
104.765479 32.635030
104.771177 32.650289
104.772362 32.653663
104.772933 32.655287
104.777931 32.669515
104.782929 32.683743
104.783445 32.685213
104.789682 32.702970
104.792864 32.712028
104.794681 32.717198
104.794904 32.717832
104.794950 32.717964
104.799948 32.732192
104.804946 32.746421
104.806478 32.750785
104.808188 32.755651
104.813186 32.769879
104.818184 32.784107
104.819940 32.789105
104.824938 32.803334
104.829936 32.817562
104.831692 32.822560
104.836690 32.836788
104.837560 32.839266
105.070700 33.195254
105.070779 33.195345
105.078646 33.204360
105.086564 33.213435
105.093473 33.221353
105.100383 33.229271
105.108301 33.238346
105.116219 33.247421
105.111846 33.242409
105.117228 33.248577
105.118530 33.250069
105.123129 33.255339
105.127580 33.260441
105.131047 33.264414
105.133505 33.267231
105.135420 33.269426
105.136947 33.271176
105.140414 33.275149
105.140704 33.275482
105.140569 33.275327
105.140569 33.275327
105.145875 33.281407
105.152784 33.289325
105.153304 33.289921
105.170485 33.309611
105.176376 33.316363
105.182439 33.323311
105.184897 33.326128
105.187820 33.329479
105.190681 33.332758
105.193947 33.336500
105.196258 33.339148
105.198128 33.341291
105.198586 33.341817
105.199285 33.342617
105.204666 33.348785
105.204666 33.348785
105.204201 33.348252
105.205031 33.349203
105.582300 33.210356
105.594983 33.209695
105.610924 33.208864
105.614544 33.208676
105.626865 33.208034
105.642805 33.207203
105.654182 33.206610
105.658746 33.206372
105.674687 33.205541
105.683007 33.205108
105.690627 33.204711
105.706568 33.203880
105.722509 33.203049
105.730449 33.202635
105.738450 33.202218
105.752148 33.201505
105.759375 33.201128
105.775315 33.200297
105.778271 33.200143
105.786272 33.199726
105.799257 33.199050
105.802213 33.198896
105.807633 33.198613
105.818153 33.198065
105.834094 33.197234
105.850035 33.196403
105.852295 33.196285
105.865975 33.195573
105.868818 33.195425
105.881916 33.194742
105.897857 33.193911
105.913798 33.193080
105.916058 33.192962
105.929738 33.192250
105.933293 33.192065
105.945679 33.191419
105.961620 33.190588
105.971476 33.190075
105.984206 33.189411
105.988640 33.189180
105.992671 33.188970
106.008611 33.188139
106.020949 33.187497
106.032029 33.186919
106.047969 33.186088
106.051813 33.185888
106.056433 33.185647
106.068771 33.185005
106.079851 33.184427
106.095791 33.183596
106.111732 33.182765
106.115576 33.182565
106.120196 33.182324
106.132534 33.181682
106.143614 33.181104
106.159554 33.180273
106.168574 33.180317
106.184548 33.180716
106.188117 33.180805
106.188134 33.180805
106.193676 33.180943
106.200522 33.181114
106.210954 33.181375
106.220082 33.181602
106.225624 33.181740
106.236056 33.182001
106.242992 33.182174
106.252031 33.182399
106.257573 33.182537
106.264419 33.182708
106.274851 33.182969
106.283979 33.183196
106.299953 33.183594
106.305495 33.183732
106.315927 33.183993
106.322773 33.184164
106.331901 33.184391
106.337443 33.184529
106.344289 33.184700
106.354721 33.184961
106.363849 33.185188
106.369391 33.185326
106.376237 33.185497
106.386669 33.185758
106.395797 33.185985
106.401339 33.186123
106.411771 33.186384
106.418617 33.186555
106.427745 33.186782
106.443719 33.187180
106.449172 33.187316
106.459694 33.187579
106.491642 33.188376
106.498488 33.188547
106.507616 33.188774
106.513158 33.188912
106.523590 33.189173
106.530436 33.189344
106.539564 33.189571
106.545106 33.189709
106.551952 33.189880
106.562384 33.190141
106.571512 33.190368
106.587486 33.190766
106.593028 33.190904
106.603460 33.191165
106.610306 33.191336
106.619434 33.191563
106.624976 33.191701
106.635408 33.191962
106.642254 33.192133
106.651382 33.192360
106.656835 33.192496
106.663771 33.192669
106.674203 33.192930
106.683331 33.193157
106.699305 33.193555
106.699158 33.193552
106.711693 33.193864
106.721187 33.194101
106.730854 33.194342
106.738670 33.194537
106.744039 33.194671
106.752066 33.194872
106.762803 33.195139
106.762809 33.195140
106.767400 33.195254
106.782080 33.197126
106.796603 33.198976
106.797210 33.199053
106.798298 33.199192
106.814026 33.201197
106.829755 33.203202
106.845483 33.205207
106.853414 33.206218
106.859517 33.206996
106.875245 33.209000
106.875929 33.209087
106.876940 33.209216
106.884871 33.210227
106.890974 33.211005
106.898771 33.211999
106.908397 33.213226
106.916328 33.214237
106.922431 33.215015
106.930228 33.216009
106.938159 33.217020
106.940336 33.217297
106.969616 33.221029
106.970300 33.221116
106.971311 33.221245
106.979242 33.222256
106.985345 33.223034
106.993142 33.224028
107.002768 33.225255
106.993142 33.224028
107.001073 33.225039
107.032530 33.229049
107.048258 33.231054
107.049346 33.231193
107.063987 33.233058
107.064594 33.233135
107.065682 33.233274
107.081410 33.235279
107.097139 33.237284
107.112867 33.239289
107.120798 33.240300
107.126901 33.241078
107.130184 33.241362
107.145854 33.242718
107.161838 33.242718
107.177822 33.242718
107.193806 33.242718
107.209790 33.242718
107.225774 33.242718
107.241758 33.242718
107.257742 33.242718
107.273726 33.242718
107.289710 33.242718
107.305694 33.242718
107.321678 33.242718
107.337662 33.242718
107.353646 33.242718
107.369630 33.242718
107.385614 33.242718
107.401598 33.242718
107.417582 33.242718
107.433566 33.242718
107.449550 33.242718
107.465534 33.242718
107.481518 33.242718
107.497502 33.242718
107.513487 33.242718
107.529471 33.242718
107.545455 33.242718
107.561439 33.242718
107.577423 33.242718
107.593407 33.242718
107.609391 33.242718
107.625375 33.242718
107.641359 33.242718
107.657343 33.242718
107.673327 33.242718
107.689311 33.242718
107.705295 33.242718
107.721279 33.242718
107.722610 33.242718
108.046410 33.180151
108.050537 33.178744
108.064857 33.173862
108.066573 33.173277
108.077875 33.169424
108.090922 33.164977
108.092194 33.164543
108.106514 33.159661
108.111396 33.157997
108.125716 33.153115
108.140035 33.148233
108.154355 33.143351
108.158567 33.141915
108.169991 33.138021
108.173557 33.136805
108.185640 33.132686
108.198008 33.127235
108.206924 33.123305
108.211391 33.121335
108.216534 33.119069
108.228649 33.113728
108.242032 33.107829
108.243520 33.107173
108.244058 33.106936
108.257442 33.101037
108.263341 33.098437
108.273557 33.093934
108.276187 33.092774
108.276725 33.092537
108.290108 33.086638
108.309391 33.078138
108.322775 33.072239
108.334671 33.066996
108.336159 33.066340
108.355442 33.057840
108.367153 33.052678
108.367153 33.052678
108.368825 33.051941
108.382209 33.046041
108.385360 33.044652
108.388109 33.043441
108.396110 33.039914
108.674580 32.932039
108.681370 32.926778
108.699097 32.913044
108.707762 32.906332
108.713313 32.902031
108.723302 32.894292
108.731040 32.888297
108.741029 32.880558
108.751017 32.872820
108.758756 32.866824
108.767588 32.859982
108.774506 32.854622
108.775636 32.853747
108.782245 32.848627
108.785342 32.846227
108.792233 32.840888
108.794883 32.838835
108.796460 32.837613
108.797632 32.836705
108.802222 32.833149
108.808340 32.828410
108.809961 32.827154
108.813820 32.824164
109.186180 32.606257
109.188425 32.606112
109.192632 32.605839
109.204342 32.605080
109.204985 32.605039
109.214653 32.604412
109.230570 32.603381
109.236500 32.602997
109.237207 32.602951
109.240099 32.602764
109.247519 32.602283
109.263436 32.601252
109.279353 32.600221
109.295270 32.599190
109.301327 32.598798
109.301907 32.598760
109.317825 32.597729
109.327568 32.597098
109.328136 32.597061
109.344053 32.596030
109.359970 32.594999
109.367128 32.594535
109.381494 32.593604
109.389890 32.593060
109.397411 32.592573
109.413328 32.591542
109.420743 32.590722
109.425187 32.589373
109.435909 32.586117
109.436705 32.585875
109.439822 32.584929
109.445340 32.583253
109.454456 32.580485
109.464105 32.577556
109.469623 32.575880
109.484258 32.571436
109.490920 32.569414
109.498361 32.567154
109.506334 32.564733
109.512996 32.562711
109.524966 32.559076
109.532074 32.556918
109.546709 32.552474
109.548794 32.551841
109.557432 32.549218
109.563052 32.547512
109.565787 32.546681
109.577996 32.542974
109.586701 32.540331
109.601336 32.535887
109.607791 32.533927
109.614135 32.532001
109.626344 32.528294
109.635049 32.525651
109.649684 32.521207
109.656830 32.519038
109.662483 32.517321
109.664341 32.516757
109.683340 32.510451
109.694078 32.506488
109.697416 32.505256
109.710554 32.500408
109.713662 32.499261
109.727730 32.494069
109.729553 32.493396
109.739620 32.489681
109.744435 32.487905
109.746990 32.486962
109.761058 32.481770
109.766089 32.479914
109.772948 32.477382
109.787016 32.472191
109.801084 32.466999
109.806276 32.465083
109.820344 32.459892
109.834412 32.454700
109.867740 32.442401
109.881808 32.437210
109.885590 32.435814
110.280630 32.250270
110.282121 32.249521
110.294881 32.243107
110.303017 32.239017
110.307641 32.236692
110.314055 32.233468
110.326815 32.227054
110.339574 32.220640
110.352334 32.214226
110.365094 32.207812
110.377854 32.201398
110.384268 32.198174
110.397028 32.191760
110.409788 32.185346
110.410014 32.185233
110.422548 32.178932
110.428962 32.175708
110.441722 32.169294
110.454482 32.162880
110.458709 32.160755
110.465190 32.157497
110.694306 31.000000
110.678322 31.000000
110.662338 31.000000
110.646354 31.000000
110.630370 31.000000
110.614386 31.000000
110.598402 31.000000
110.582418 31.000000
110.566434 31.000000
110.550450 31.000000
110.534466 31.000000
110.518482 31.000000
110.502498 31.000000
110.486513 31.000000
110.470529 31.000000
110.454545 31.000000
110.438561 31.000000
110.422577 31.000000
110.406593 31.000000
110.390609 31.000000
110.374625 31.000000
110.358641 31.000000
110.342657 31.000000
110.326673 31.000000
110.310689 31.000000
110.294705 31.000000
110.278721 31.000000
110.262737 31.000000
110.246753 31.000000
110.230769 31.000000
110.214785 31.000000
110.198801 31.000000
110.182817 31.000000
110.166833 31.000000
110.150849 31.000000
110.134865 31.000000
110.118881 31.000000
110.102897 31.000000
110.086913 31.000000
110.070929 31.000000
110.054945 31.000000
110.038961 31.000000
110.022977 31.000000
110.006993 31.000000
109.991009 31.000000
109.975025 31.000000
109.959041 31.000000
109.943057 31.000000
109.927073 31.000000
109.911089 31.000000
109.895105 31.000000
109.879121 31.000000
109.863137 31.000000
109.847153 31.000000
109.831169 31.000000
109.815185 31.000000
109.799201 31.000000
109.783217 31.000000
109.751249 31.000000
109.735265 31.000000
109.719281 31.000000
109.703297 31.000000
109.687313 31.000000
109.671329 31.000000
109.655345 31.000000
109.639361 31.000000
109.623377 31.000000
109.607393 31.000000
109.591409 31.000000
109.575425 31.000000
109.559441 31.000000
109.543457 31.000000
109.527473 31.000000
109.511489 31.000000
109.495504 31.000000
109.463536 31.000000
109.447552 31.000000
109.431568 31.000000
109.415584 31.000000
109.399600 31.000000
109.383616 31.000000
109.367632 31.000000
109.351648 31.000000
109.335664 31.000000
109.319680 31.000000
109.303696 31.000000
109.287712 31.000000
109.271728 31.000000
109.255744 31.000000
109.239760 31.000000
109.223776 31.000000
109.207792 31.000000
109.191808 31.000000
109.175824 31.000000
109.159840 31.000000
109.143856 31.000000
109.127872 31.000000
109.111888 31.000000
109.095904 31.000000
109.079920 31.000000
109.047952 31.000000
109.031968 31.000000
109.015984 31.000000
109.000000 31.000000
108.984016 31.000000
108.968032 31.000000
108.952048 31.000000
108.936064 31.000000
108.920080 31.000000
108.904096 31.000000
108.888112 31.000000
108.856144 31.000000
108.808192 31.000000
108.792208 31.000000
108.760240 31.000000
108.744256 31.000000
108.728272 31.000000
108.696304 31.000000
108.664336 31.000000
108.648352 31.000000
108.632368 31.000000
108.616384 31.000000
108.600400 31.000000
108.584416 31.000000
108.568432 31.000000
108.552448 31.000000
108.536464 31.000000
108.520480 31.000000
108.504496 31.000000
108.488511 31.000000
108.472527 31.000000
108.456543 31.000000
108.440559 31.000000
108.424575 31.000000
108.408591 31.000000
108.392607 31.000000
108.376623 31.000000
108.360639 31.000000
108.344655 31.000000
108.328671 31.000000
108.312687 31.000000
108.296703 31.000000
108.280719 31.000000
108.264735 31.000000
108.232767 31.000000
108.216783 31.000000
108.168831 31.000000
108.152847 31.000000
108.136863 31.000000
108.120879 31.000000
108.104895 31.000000
108.088911 31.000000
108.072927 31.000000
108.056943 31.000000
108.040959 31.000000
108.024975 31.000000
108.008991 31.000000
107.993007 31.000000
107.977023 31.000000
107.961039 31.000000
107.929071 31.000000
107.913087 31.000000
107.881119 31.000000
107.865135 31.000000
107.849151 31.000000
107.833167 31.000000
107.817183 31.000000
107.801199 31.000000
107.785215 31.000000
107.769231 31.000000
107.753247 31.000000
107.737263 31.000000
107.721279 31.000000
107.705295 31.000000
107.689311 31.000000
107.673327 31.000000
107.657343 31.000000
107.641359 31.000000
107.625375 31.000000
107.609391 31.000000
107.593407 31.000000
107.577423 31.000000
107.561439 31.000000
107.545455 31.000000
107.529471 31.000000
107.513487 31.000000
107.497502 31.000000
107.481518 31.000000
107.465534 31.000000
107.449550 31.000000
107.433566 31.000000
107.417582 31.000000
107.401598 31.000000
107.385614 31.000000
107.369630 31.000000
107.353646 31.000000
107.337662 31.000000
107.321678 31.000000
107.305694 31.000000
107.289710 31.000000
107.273726 31.000000
107.257742 31.000000
107.241758 31.000000
107.225774 31.000000
107.193806 31.000000
107.177822 31.000000
107.161838 31.000000
107.145854 31.000000
107.129870 31.000000
107.113886 31.000000
107.097902 31.000000
107.081918 31.000000
107.065934 31.000000
107.033966 31.000000
107.017982 31.000000
107.001998 31.000000
106.986014 31.000000
106.970030 31.000000
106.954046 31.000000
106.938062 31.000000
106.922078 31.000000
106.906094 31.000000
106.890110 31.000000
106.874126 31.000000
106.858142 31.000000
106.842158 31.000000
106.826174 31.000000
106.810190 31.000000
106.794206 31.000000
106.778222 31.000000
106.762238 31.000000
106.746254 31.000000
106.730270 31.000000
106.714286 31.000000
106.698302 31.000000
106.682318 31.000000
106.666334 31.000000
106.650350 31.000000
106.634366 31.000000
106.618382 31.000000
106.602398 31.000000
106.586414 31.000000
106.570430 31.000000
106.554446 31.000000
106.538462 31.000000
106.522478 31.000000
106.506494 31.000000
106.490509 31.000000
106.474525 31.000000
106.458541 31.000000
106.442557 31.000000
106.426573 31.000000
106.410589 31.000000
106.394605 31.000000
106.378621 31.000000
106.362637 31.000000
106.346653 31.000000
106.330669 31.000000
106.314685 31.000000
106.298701 31.000000
106.282717 31.000000
106.266733 31.000000
106.250749 31.000000
106.234765 31.000000
106.218781 31.000000
106.202797 31.000000
106.186813 31.000000
106.170829 31.000000
106.154845 31.000000
106.138861 31.000000
106.122877 31.000000
106.106893 31.000000
106.090909 31.000000
106.074925 31.000000
106.058941 31.000000
106.042957 31.000000
106.026973 31.000000
106.010989 31.000000
105.995005 31.000000
105.979021 31.000000
105.963037 31.000000
105.947053 31.000000
105.931069 31.000000
105.915085 31.000000
105.899101 31.000000
105.883117 31.000000
105.867133 31.000000
105.851149 31.000000
105.835165 31.000000
105.819181 31.000000
105.803197 31.000000
105.787213 31.000000
105.771229 31.000000
105.755245 31.000000
105.739261 31.000000
105.723277 31.000000
105.707293 31.000000
105.691309 31.000000
105.675325 31.000000
105.659341 31.000000
105.643357 31.000000
105.627373 31.000000
105.611389 31.000000
105.595405 31.000000
105.579421 31.000000
105.563437 31.000000
105.547453 31.000000
105.531469 31.000000
105.515485 31.000000
105.499500 31.000000
105.483516 31.000000
105.467532 31.000000
105.451548 31.000000
105.435564 31.000000
105.419580 31.000000
105.403596 31.000000
105.387612 31.000000
105.371628 31.000000
105.355644 31.000000
105.339660 31.000000
105.323676 31.000000
105.307692 31.000000
105.291708 31.000000
105.275724 31.000000
105.259740 31.000000
105.243756 31.000000
105.227772 31.000000
105.211788 31.000000
105.195804 31.000000
105.179820 31.000000
105.163836 31.000000
105.131868 31.000000
105.115884 31.000000
105.099900 31.000000
105.083916 31.000000
105.067932 31.000000
105.051948 31.000000
105.035964 31.000000
105.019980 31.000000
105.003996 31.000000
104.988012 31.000000
104.972028 31.000000
104.956044 31.000000
104.940060 31.000000
104.924076 31.000000
104.908092 31.000000
104.892108 31.000000
104.876124 31.000000
104.860140 31.000000
104.844156 31.000000
104.828172 31.000000
104.812188 31.000000
104.796204 31.000000
104.780220 31.000000
104.764236 31.000000
104.748252 31.000000
104.732268 31.000000
104.716284 31.000000
104.700300 31.000000
104.684316 31.000000
104.668332 31.000000
104.652348 31.000000
104.636364 31.000000
104.620380 31.000000
104.604396 31.000000
104.588412 31.000000
104.572428 31.000000
104.556444 31.000000
104.540460 31.000000
104.524476 31.000000
104.508492 31.000000
104.492507 31.000000
104.476523 31.000000
104.460539 31.000000
104.444555 31.000000
104.428571 31.000000
104.412587 31.000000
104.396603 31.000000
104.380619 31.000000
104.364635 31.000000
104.348651 31.000000
104.332667 31.000000
104.316683 31.000000
104.300699 31.000000
104.284715 31.000000
104.268731 31.000000
104.252747 31.000000
104.236763 31.000000
104.371290 32.032362
104.375346 32.037204
104.381937 32.045072
104.389805 32.054465
104.397674 32.063858
104.402969 32.070179
104.404060 32.071482
104.410651 32.079350
