102.102210 38.035112
102.106851 38.033553
102.116689 38.030246
102.126410 38.026979
102.130934 38.025459
102.145296 38.020633
102.154702 38.017472
102.159658 38.015807
102.174021 38.010980
102.188383 38.006154
102.188747 38.006032
102.202745 38.001327
102.211873 37.998260
102.212515 37.998044
102.219212 37.995794
102.221933 37.994879
102.225425 37.993706
102.236296 37.990053
102.241122 37.988431
102.255484 37.983605
102.255880 37.983472
102.269846 37.978778
102.274672 37.977156
102.281692 37.974797
102.284442 37.973873
102.298804 37.969047
102.303631 37.967425
102.308644 37.965741
102.313049 37.964260
102.327412 37.959433
102.328957 37.958914
102.332238 37.957812
102.346600 37.952985
102.352569 37.950979
102.365789 37.946537
102.370373 37.944997
102.380151 37.941711
102.384977 37.940089
102.397622 37.932183
102.404804 37.924232
102.412755 37.915430
102.419937 37.907479
102.427888 37.898676
102.434608 37.891236
102.434608 37.891236
102.435069 37.890726
102.438188 37.887273
102.442251 37.882775
102.450202 37.873972
102.456922 37.866532
102.457383 37.866022
102.465334 37.857219
102.472516 37.849268
102.475145 37.846358
102.479698 37.841318
102.487649 37.832515
102.494369 37.825075
102.494830 37.824565
102.501596 37.817074
102.501596 37.817074
102.502781 37.815762
102.509963 37.807811
102.517914 37.799009
102.524248 37.791997
102.519452 37.797306
102.524248 37.791997
102.529275 37.786431
102.534584 37.780553
102.541766 37.772602
102.548948 37.764651
102.551702 37.761602
102.555360 37.757552
102.560557 37.751799
102.563311 37.748750
102.570493 37.740799
102.578444 37.731997
102.582729 37.727252
102.585625 37.724046
102.593576 37.715243
102.593577 37.715242
102.594345 37.714392
102.613382 37.700744
102.627471 37.695577
102.632638 37.693682
102.633404 37.693401
102.641560 37.690410
102.646727 37.688516
102.660816 37.683349
102.665983 37.681454
102.680072 37.676287
102.685239 37.674392
102.699328 37.669225
102.713417 37.664058
102.718584 37.662163
102.732673 37.656997
102.737840 37.655102
102.751929 37.649935
102.766019 37.644768
102.771186 37.642873
102.785275 37.637706
102.799364 37.632539
102.804531 37.630645
102.818620 37.625478
102.832709 37.620311
102.837876 37.618416
102.851965 37.613249
102.866054 37.608082
102.871221 37.606187
102.885310 37.601020
102.899400 37.595854
102.913489 37.590687
102.918656 37.588792
102.932745 37.583625
102.946834 37.578458
102.952001 37.576563
102.966090 37.571396
102.980179 37.566229
102.981382 37.565788
102.989102 37.562957
103.003191 37.557790
103.010581 37.555080
103.013524 37.554001
103.018691 37.552106
103.029518 37.549230
103.037458 37.547344
103.037462 37.547343
103.039378 37.546888
103.052592 37.543750
103.057863 37.542498
103.067723 37.540156
103.077877 37.537745
103.078503 37.537596
103.093634 37.534002
103.108764 37.530409
103.123895 37.526815
103.128871 37.525633
103.141437 37.522649
103.142619 37.522368
103.157749 37.518775
103.172880 37.515181
103.176457 37.514332
103.177230 37.514148
103.188636 37.511440
103.203141 37.507994
103.206866 37.507109
103.207491 37.506961
103.221113 37.503726
103.225031 37.502795
103.226215 37.502514
103.237621 37.499806
103.241346 37.498921
103.255851 37.495475
103.256476 37.495327
103.271607 37.491733
103.282127 37.489235
103.283482 37.488913
103.286737 37.488140
103.290331 37.487286
103.305461 37.483693
103.320592 37.480099
103.323152 37.479491
103.327779 37.478392
103.342284 37.474948
103.348080 37.473571
103.626550 37.533981
103.629371 37.533981
103.645355 37.533981
103.661339 37.533981
103.677323 37.533981
103.693307 37.533981
103.709291 37.533981
103.725275 37.533981
103.741259 37.533981
103.757243 37.533981
103.773227 37.533981
103.789211 37.533981
103.805195 37.533981
103.814360 37.533981
103.998920 37.503776
104.008735 37.502504
104.015082 37.501682
104.030802 37.499645
104.046522 37.497609
104.062242 37.495572
104.063604 37.495396
104.075926 37.493799
104.088187 37.492211
104.095719 37.491235
104.111439 37.489198
104.127159 37.487162
104.142880 37.485125
104.144916 37.484861
104.160636 37.482824
104.176356 37.480788
104.192077 37.478751
104.207797 37.476714
104.223517 37.474678
104.228342 37.474204
104.236044 37.473336
104.238856 37.473170
104.252613 37.472358
104.252913 37.472340
104.268842 37.471399
104.284770 37.470459
104.300699 37.469518
104.311212 37.468898
104.319448 37.468411
104.335377 37.467471
104.351305 37.466530
104.365333 37.465702
104.365353 37.465701
104.367534 37.465572
104.384103 37.464594
104.389035 37.464303
104.397210 37.463820
104.408206 37.463171
104.413138 37.462880
104.420892 37.462422
104.429067 37.461939
104.430007 37.461884
104.445936 37.460943
104.448117 37.460814
104.464686 37.459836
104.469618 37.459545
104.477793 37.459062
104.487860 37.458468
104.954130 37.363538
104.956044 37.363538
104.972028 37.363538
104.988012 37.363538
105.003996 37.363538
105.019980 37.363538
105.035964 37.363538
105.051948 37.363538
105.067932 37.363538
105.083916 37.363538
105.099900 37.363538
105.115884 37.363538
105.131868 37.363538
105.147852 37.363538
105.163836 37.363538
105.179820 37.363538
105.195804 37.363538
105.211788 37.363538
105.227772 37.363538
105.243756 37.363538
105.259740 37.363538
105.275724 37.363538
105.278089 37.363301
105.290344 37.362072
105.306108 37.360211
105.321872 37.358349
105.328934 37.357515
105.329318 37.357470
105.339048 37.356321
105.353401 37.354626
105.369165 37.352765
105.384929 37.350903
105.400693 37.349042
105.404505 37.348592
105.408139 37.348163
105.415228 37.347326
105.414596 37.347400
105.419594 37.346810
105.426426 37.346003
105.430014 37.345580
105.423903 37.346301
105.433907 37.345120
105.446125 37.343677
105.451123 37.343087
105.457955 37.342280
105.462264 37.341771
105.471196 37.340717
105.486960 37.338856
105.488822 37.338636
105.504586 37.336774
105.520350 37.334913
105.547140 37.327026
105.560228 37.320870
105.573317 37.314714
105.586406 37.308558
105.592562 37.305663
105.605650 37.299507
105.618739 37.293351
105.631828 37.287195
105.626878 37.289523
105.632605 37.286830
105.638761 37.283934
105.644076 37.281434
105.651072 37.278144
105.664161 37.271988
105.670317 37.269092
105.683406 37.262936
105.689562 37.260041
105.707834 37.247131
105.715816 37.239533
105.711488 37.243653
105.716220 37.239149
105.721939 37.233705
105.724202 37.231551
105.740570 37.215970
105.756939 37.200390
105.773307 37.184810
105.789675 37.169229
105.798061 37.161247
105.806043 37.153649
105.815974 37.140332
105.822414 37.127607
105.830350 37.111924
105.841099 37.090685
105.841811 37.089278
105.848251 37.076553
105.854691 37.063828
105.861131 37.051103
105.870830 37.031938
105.872259 37.029113
105.874089 37.025498
105.880528 37.012773
105.883787 37.006333
105.890227 36.993608
105.896667 36.980883
105.899926 36.974444
105.906476 36.961424
105.915309 36.942161
105.921365 36.928954
105.927421 36.915747
105.936254 36.896483
105.942310 36.883276
105.945087 36.877220
105.951143 36.864013
105.957199 36.850806
105.966032 36.831543
105.980037 36.798530
105.984716 36.784059
105.990907 36.764909
105.995586 36.750438
105.997099 36.745759
106.001778 36.731288
106.006456 36.716816
106.007969 36.712138
106.012648 36.697666
106.017326 36.683195
106.016815 36.684777
106.018839 36.678516
106.022670 36.666667
106.021753 36.658547
106.019969 36.642765
106.018186 36.626982
106.016403 36.611200
106.016605 36.612983
106.014821 36.597200
106.013038 36.581418
106.011255 36.565635
106.011457 36.567418
106.010454 36.558543
106.009472 36.549853
106.007689 36.534070
106.005906 36.518288
106.005148 36.511582
106.006107 36.520071
106.004324 36.504288
106.002541 36.488506
106.001515 36.479429
106.000757 36.472718
106.000000 36.446553
106.000000 36.430569
106.000000 36.414585
106.000000 36.398601
106.000000 36.382617
106.000000 36.366633
106.000000 36.350649
106.000000 36.334665
106.000000 36.318681
106.000000 36.302697
106.000000 36.286713
106.000000 36.270729
106.000000 36.254745
106.004577 36.215801
106.008547 36.200873
106.007491 36.204843
106.011461 36.189915
106.015432 36.174987
106.019402 36.160059
106.023372 36.145130
106.025806 36.135977
106.029201 36.123215
106.033171 36.108286
106.033651 36.106482
106.031312 36.115274
106.035283 36.100346
106.039253 36.085418
106.053120 36.055358
106.061088 36.047985
106.069056 36.040611
106.077024 36.033237
106.084992 36.025864
106.093603 36.017896
106.101571 36.010522
106.109539 36.003148
106.117507 35.995775
106.125542 35.988339
106.118149 35.995180
106.126117 35.987807
106.142695 35.972465
106.150664 35.965091
106.159274 35.957123
106.164182 35.950370
106.166346 35.948013
106.171253 35.940640
106.183533 35.922191
106.190905 35.911114
106.195813 35.903741
106.203185 35.892664
106.208092 35.885292
106.215465 35.874215
106.227745 35.855765
106.235117 35.844689
106.247397 35.826239
106.259677 35.807789
106.267049 35.796713
106.271956 35.789340
106.279329 35.778263
106.286702 35.767186
106.291609 35.759813
106.298981 35.748737
106.306354 35.737660
106.318634 35.719210
106.327040 35.679321
106.327040 35.663337
106.327040 35.647353
106.327040 35.631369
106.327040 35.615385
106.327040 35.599401
106.327040 35.583417
106.327040 35.567433
106.327040 35.551449
106.327040 35.535465
106.327040 35.519481
106.327040 35.503497
106.327040 35.487512
106.327040 35.471528
106.327040 35.455544
106.329067 35.438842
106.335032 35.425532
106.340998 35.412221
106.346963 35.398910
106.352928 35.385599
106.358893 35.372289
106.364858 35.358978
106.370823 35.345667
106.376788 35.332356
106.382754 35.319046
106.385427 35.313081
106.391392 35.299770
106.397357 35.286459
106.403322 35.273148
106.409288 35.259838
106.415253 35.246527
106.417926 35.240562
106.423891 35.227251
106.426564 35.221286
106.432530 35.207975
106.438495 35.194664
106.441168 35.188699
106.447133 35.175388
106.449806 35.169423
106.455772 35.156112
106.464410 35.136836
106.466270 35.132686
106.468586 35.130413
106.476576 35.122570
106.484717 35.114579
106.492708 35.106736
106.500848 35.098745
106.508839 35.090902
106.516980 35.082911
106.524970 35.075068
106.532961 35.067225
106.541102 35.059234
106.549092 35.051391
106.557233 35.043400
106.565224 35.035557
106.573364 35.027567
106.581355 35.019723
106.589346 35.011880
106.597486 35.003889
106.605477 34.996046
106.613618 34.988055
106.621608 34.980212
106.629749 34.972222
106.637740 34.964378
106.645730 34.956535
106.653871 34.948544
106.661862 34.940701
106.670002 34.932710
106.677993 34.924867
106.686134 34.916877
106.694124 34.909033
106.702115 34.901190
106.710256 34.893199
106.718246 34.885356
106.726387 34.877366
106.734378 34.869522
106.742368 34.861679
106.750509 34.853688
106.781128 34.809669
106.790724 34.790489
106.797119 34.777705
106.800319 34.771309
106.806715 34.758525
106.809915 34.752129
106.816311 34.739345
106.819511 34.732949
106.825906 34.720165
106.829106 34.713769
106.835502 34.700985
106.838702 34.694589
106.845098 34.681805
106.848298 34.675409
106.854693 34.662624
106.857893 34.656229
106.864289 34.643444
106.867489 34.637049
106.873885 34.624264
106.877084 34.617868
106.883480 34.605084
106.886680 34.598688
106.893076 34.585904
106.902672 34.566724
106.909238 34.552927
106.911859 34.547009
106.917777 34.533645
106.920398 34.527727
106.926316 34.514364
106.934855 34.495083
106.940773 34.481720
106.943394 34.475802
106.949312 34.462439
106.955230 34.449076
106.957851 34.443158
106.963769 34.429795
106.972308 34.410513
106.978226 34.397150
106.984144 34.383787
106.986765 34.377869
106.992683 34.364506
106.998601 34.351143
107.004520 34.337780
107.010438 34.324417
107.016356 34.311054
107.014175 34.315979
107.015680 34.312581
107.021598 34.299218
107.023210 34.295577
107.055799 34.244432
107.057328 34.243884
107.050932 34.246175
107.036766 34.251249
107.022599 34.256323
107.017525 34.258141
107.003359 34.263215
106.989192 34.268290
106.979892 34.271621
106.979892 34.271621
106.984967 34.269803
106.970800 34.274877
106.964871 34.277001
106.960859 34.278438
106.941618 34.285330
106.927452 34.290404
106.926394 34.290783
106.914134 34.295174
106.899968 34.300249
106.901330 34.299761
106.899119 34.300553
106.897109 34.301273
106.885801 34.305323
106.871635 34.310397
106.857468 34.315472
106.843302 34.320546
106.829135 34.325620
106.814969 34.330694
106.809895 34.332512
106.795728 34.337586
106.789328 34.339879
106.784731 34.341525
106.770564 34.346600
106.770455 34.346639
106.781562 34.342661
106.767395 34.347735
106.753229 34.352809
106.748155 34.354627
106.733988 34.359701
106.722990 34.363640
106.665170 34.377651
106.649502 34.379877
106.648569 34.380010
106.642909 34.380814
106.640683 34.381130
106.625016 34.383356
106.615334 34.384732
106.613715 34.384962
106.598047 34.387188
106.582379 34.389414
106.574622 34.390516
106.560119 34.392577
106.544451 34.394803
106.528783 34.397029
106.526557 34.397345
106.510889 34.399571
106.495222 34.401797
106.479554 34.404023
106.463886 34.406249
106.461660 34.406566
106.462974 34.406379
106.452413 34.407880
106.445992 34.408792
106.430325 34.411018
106.428099 34.411334
106.412431 34.413560
106.396763 34.415786
106.381095 34.418012
106.365428 34.420238
106.363202 34.420555
106.347534 34.422781
106.331866 34.425007
106.316198 34.427233
106.300531 34.429459
106.284863 34.431685
106.269195 34.433911
106.255800 34.435814
106.252354 34.437048
106.238188 34.442123
106.224022 34.447198
106.209856 34.452273
106.195690 34.457347
106.181524 34.462422
106.167358 34.467497
106.153192 34.472572
106.139026 34.477646
106.136410 34.478583
106.135009 34.479085
106.120843 34.484160
106.106677 34.489235
106.104482 34.490022
106.096528 34.492871
106.091453 34.494689
106.077287 34.499763
106.063121 34.504838
106.048955 34.509913
106.034789 34.514988
106.020623 34.520063
106.006457 34.525137
105.992291 34.530212
105.978124 34.535287
105.963958 34.540362
105.931719 34.547545
105.929107 34.547984
105.913561 34.550596
105.898016 34.553208
105.882471 34.555820
105.866926 34.558432
105.851381 34.561044
105.848769 34.561483
105.833224 34.564095
105.817679 34.566707
105.802133 34.569319
105.783976 34.572370
105.768431 34.574982
105.752886 34.577594
105.750274 34.578033
105.734729 34.580645
105.716572 34.583696
105.701027 34.586308
105.698415 34.586747
105.682870 34.589359
105.664712 34.592410
105.649167 34.595022
105.633622 34.597634
105.631010 34.598072
105.615465 34.600684
105.599920 34.603296
105.597308 34.603735
105.581743 34.606350
105.566191 34.608940
105.550638 34.611531
105.542864 34.612826
105.532495 34.614553
105.514352 34.617576
105.516363 34.617241
105.503981 34.619303
105.503122 34.619446
105.498799 34.620166
105.480656 34.623189
105.465104 34.625779
105.449551 34.628370
105.461206 34.626428
105.457323 34.627075
105.448689 34.628513
105.446961 34.628801
105.431408 34.631392
105.415856 34.633983
105.400303 34.636574
105.397712 34.637005
105.382160 34.639596
105.366608 34.642186
105.351055 34.644777
105.335503 34.647368
105.332464 34.647874
105.317351 34.650391
105.301799 34.652982
105.295598 34.654015
105.286255 34.655571
105.270702 34.658162
105.255150 34.660753
105.239597 34.663344
105.224045 34.665934
105.208492 34.668525
105.192940 34.671116
105.177387 34.673706
105.174788 34.674139
105.145521 34.524790
105.131872 34.528486
105.116981 34.532520
105.102089 34.536553
105.092752 34.539083
105.083164 34.541679
105.064239 34.546805
105.049348 34.550839
105.034456 34.554872
105.019565 34.558906
105.015531 34.559998
105.000640 34.564032
104.985748 34.568065
104.983349 34.568715
104.974890 34.571006
104.971106 34.572031
104.966823 34.573191
104.951932 34.577225
104.937040 34.581258
104.933007 34.582351
104.918115 34.586384
104.903224 34.590418
104.899190 34.591510
104.897420 34.591989
104.896399 34.592266
104.883278 34.595821
104.884299 34.595544
104.869407 34.599577
104.854516 34.603611
104.839624 34.607644
104.820699 34.612770
104.805808 34.616804
104.790916 34.620837
104.790906 34.620840
104.788990 34.621359
104.775681 34.625460
104.775634 34.625474
104.771136 34.626859
104.756538 34.631357
104.741939 34.635854
104.727341 34.640352
104.712743 34.644850
104.698144 34.649347
104.679048 34.655230
104.666079 34.659226
104.653243 34.663180
104.651614 34.663682
104.649851 34.664225
104.635253 34.668723
104.620655 34.673220
104.616157 34.674606
104.601559 34.679103
104.586960 34.683601
104.600296 34.679492
104.594849 34.681170
104.583944 34.684530
104.572362 34.688098
104.567024 34.689743
104.565653 34.690165
104.562951 34.690997
104.565067 34.690346
104.557763 34.692596
104.543165 34.697093
104.524069 34.702977
104.509471 34.707474
104.494872 34.711972
104.479865 34.716348
104.465021 34.720463
104.460907 34.721604
104.462503 34.721161
104.455909 34.722989
104.441066 34.727104
104.436951 34.728245
104.422108 34.732360
104.412326 34.735072
104.401533 34.738063
104.386690 34.742178
104.371847 34.746293
104.367732 34.747434
104.352889 34.751549
104.338045 34.755663
104.323202 34.759778
104.308359 34.763893
104.316552 34.761622
104.314090 34.762304
104.299246 34.766419
104.295131 34.767560
104.294150 34.767832
104.293515 34.768008
104.278672 34.772123
104.274557 34.773264
104.259714 34.777378
104.244871 34.781493
104.253064 34.779222
104.250602 34.779904
104.235758 34.784019
104.231643 34.785160
104.230662 34.785432
104.230027 34.785608
104.215184 34.789723
104.201898 34.793406
104.197842 34.794530
104.182999 34.798645
104.168155 34.802760
104.167174 34.803032
104.166539 34.803208
104.151696 34.807323
104.136853 34.811438
104.132738 34.812579
104.117895 34.816693
104.113780 34.817834
104.098936 34.821949
104.084093 34.826064
104.069250 34.830179
104.065135 34.831319
104.050292 34.835434
104.035946 34.839584
104.021267 34.843960
104.016891 34.845264
104.002211 34.849640
103.987532 34.854016
103.983156 34.855320
103.975198 34.857692
103.971300 34.858854
103.956620 34.863230
103.955128 34.863675
103.953796 34.864072
103.939117 34.868448
103.934741 34.869752
103.920061 34.874128
103.905382 34.878504
103.886326 34.884184
103.871647 34.888559
103.852591 34.894240
103.837911 34.898615
103.823232 34.902991
103.804176 34.908671
103.789497 34.913047
103.774817 34.917423
103.770441 34.918727
103.755762 34.923103
103.741082 34.927479
103.736706 34.928783
103.722026 34.933159
103.718442 34.934227
103.726402 34.931855
103.711723 34.936230
103.707347 34.937535
103.692667 34.941910
103.677987 34.946286
103.670728 34.950036
103.659586 34.957381
103.648444 34.964726
103.637302 34.972071
103.629957 34.976914
103.618815 34.984259
103.607673 34.991604
103.589186 35.003791
103.578044 35.011136
103.559557 35.023323
103.548415 35.030668
103.541070 35.035510
103.529928 35.042855
103.518786 35.050200
103.511441 35.055042
103.500299 35.062387
103.489157 35.069732
103.481812 35.074574
103.470670 35.081919
103.463325 35.086761
103.452183 35.094106
103.444838 35.098948
103.433696 35.106294
103.426351 35.111136
103.415209 35.118481
103.396722 35.130668
103.378235 35.142855
103.363355 35.150647
103.357981 35.152724
103.344074 35.158098
103.338699 35.160175
103.332273 35.162659
103.327008 35.164693
103.321634 35.166770
103.312119 35.170448
103.305511 35.173001
103.291604 35.178375
103.286229 35.180452
103.272322 35.185827
103.281685 35.182208
103.274538 35.184970
103.260631 35.190345
103.258413 35.191202
103.253041 35.193278
103.239134 35.198653
103.233759 35.200730
103.219852 35.206104
103.214478 35.208181
103.200571 35.213556
103.186664 35.218930
103.172757 35.224304
103.158850 35.229679
103.153475 35.231756
103.139568 35.237130
103.125661 35.242505
103.111754 35.247879
103.097847 35.253254
103.083940 35.258628
103.078566 35.260705
103.064659 35.266079
103.050751 35.271454
103.043544 35.274283
103.039405 35.275902
103.025576 35.281362
103.020116 35.283518
103.006288 35.288978
102.992460 35.294438
102.987000 35.296594
102.973172 35.302054
102.970036 35.303292
102.976080 35.300906
102.962252 35.306366
102.948424 35.311826
102.934596 35.317286
102.920768 35.322746
102.915308 35.324902
102.901479 35.330362
102.887651 35.335823
102.888875 35.335340
102.873823 35.341283
102.859995 35.346743
102.854535 35.348899
102.840707 35.354359
102.826879 35.359819
102.813051 35.365279
102.807591 35.367435
102.793763 35.372895
102.779935 35.378355
102.766106 35.383815
102.760646 35.385971
102.746818 35.391431
102.732990 35.396891
102.719162 35.402351
102.713702 35.404507
102.699874 35.409967
102.685576 35.415470
102.680241 35.417511
102.666298 35.422846
102.652355 35.428181
102.633078 35.435557
102.619135 35.440892
102.605192 35.446227
102.599857 35.448268
102.585915 35.453603
102.571972 35.458938
102.566637 35.460979
102.552694 35.466314
102.538752 35.471649
102.533417 35.473690
102.519474 35.479025
102.516880 35.480018
102.510866 35.482319
102.509320 35.482911
102.514139 35.481067
102.500196 35.486401
102.480919 35.493778
102.492829 35.489220
102.491588 35.489695
102.477646 35.495030
102.449760 35.505700
102.444425 35.507741
102.442793 35.508366
102.447698 35.506489
102.442363 35.508530
102.429624 35.513405
102.411205 35.520452
102.397262 35.525787
102.396590 35.526044
102.409143 35.521241
102.395200 35.526576
102.381258 35.531911
102.375923 35.533952
102.361233 35.540611
102.348428 35.546991
102.342048 35.550171
102.329243 35.556551
102.316438 35.562931
102.310058 35.566111
102.310398 35.565942
102.309376 35.566451
102.297253 35.572491
102.284448 35.578871
102.282524 35.579830
102.277980 35.582094
102.273524 35.584315
102.278068 35.582051
102.265263 35.588431
102.259477 35.591314
102.258795 35.591654
102.245990 35.598034
102.231845 35.605083
102.233273 35.604371
102.226893 35.607550
102.214088 35.613931
102.201283 35.620311
102.194903 35.623490
102.182098 35.629871
102.169293 35.636251
102.156489 35.642631
102.150108 35.645811
102.137303 35.652191
102.124499 35.658571
102.127921 35.656866
102.118030 35.661794
102.107205 35.667188
102.105313 35.668131
102.092509 35.674511
102.079704 35.680892
102.077360 35.682060
102.066855 35.687294
102.054050 35.693674
102.048332 35.696524
102.060519 35.690451
102.047714 35.696832
102.041334 35.700011
102.028529 35.706391
102.015724 35.712772
102.002919 35.719152
101.997840 35.721683
100.000000 36.110889
100.000000 36.126873
100.000000 36.142857
100.000000 36.158841
100.000000 36.174825
100.000000 36.190809
100.000000 36.206793
100.000000 36.222777
100.000000 36.238761
100.000000 36.254745
100.000000 36.270729
100.000000 36.286713
100.000000 36.302697
100.000000 36.318681
100.000000 36.334665
100.000000 36.350649
100.000000 36.366633
100.000000 36.382617
100.000000 36.398601
100.000000 36.414585
100.000000 36.430569
100.000000 36.446553
100.000000 36.462537
100.000000 36.478521
100.000000 36.494505
100.000000 36.510490
100.000000 36.526474
100.000000 36.542458
100.000000 36.558442
100.000000 36.574426
100.000000 36.990010
100.000000 37.005994
100.000000 37.021978
100.000000 37.037962
100.000000 37.053946
100.000000 37.069930
100.000000 37.085914
100.000000 37.101898
100.000000 37.117882
100.000000 37.133866
100.000000 37.149850
100.000000 37.165834
100.000000 37.181818
100.000000 37.197802
100.000000 37.213786
100.000000 37.229770
100.000000 37.245754
100.000000 37.261738
100.000000 37.277722
100.000000 37.293706
100.000000 37.309690
100.000000 37.325674
100.000000 37.341658
100.000000 37.357642
100.000000 37.373626
100.000000 37.389610
100.000000 37.405594
100.000000 37.421578
100.000000 37.437562
100.000000 37.453546
100.000000 37.469530
100.000000 37.485514
100.000000 37.501499
100.000000 37.517483
100.000000 37.533467
100.000000 37.549451
100.000000 37.565435
100.000000 37.581419
100.000000 37.597403
100.000000 37.613387
100.000000 37.629371
100.000000 37.645355
100.000000 37.661339
100.000000 37.677323
100.000000 37.693307
100.000000 37.709291
100.000000 37.725275
100.000000 37.741259
100.000000 37.757243
100.000000 37.773227
100.000000 37.789211
100.000000 37.805195
100.000000 37.821179
100.000000 37.837163
100.000000 37.853147
100.000000 37.869131
100.000000 37.885115
100.000000 37.901099
100.000000 37.917083
100.000000 37.933067
100.000000 37.949051
100.000000 37.965035
100.000000 37.981019
100.000000 37.997003
100.000000 38.012987
100.000000 38.028971
100.000000 38.044955
100.000000 38.060939
100.000000 38.076923
100.000000 38.092907
100.000000 38.108891
100.000000 38.124875
100.000000 38.140859
100.000000 38.156843
100.000000 38.172827
100.000000 38.188811
102.020510 38.062567
102.030399 38.059244
102.035349 38.057580
102.044761 38.054417
102.059031 38.049622
102.068776 38.046347
102.073603 38.044725
102.083324 38.041458
102.087848 38.039938
102.102210 38.035112
