115.057942 43.000000
115.073926 43.000000
115.089910 43.000000
115.105894 43.000000
115.121878 43.000000
115.137862 43.000000
115.153846 43.000000
115.169830 43.000000
115.185814 43.000000
115.201798 43.000000
115.217782 43.000000
115.233766 43.000000
115.249750 43.000000
115.265734 43.000000
115.281718 43.000000
115.297702 43.000000
115.313686 43.000000
115.329670 43.000000
115.345654 43.000000
115.361638 43.000000
115.377622 43.000000
115.393606 43.000000
115.409590 43.000000
115.425574 43.000000
115.441558 43.000000
115.457542 43.000000
115.473526 43.000000
115.489510 43.000000
115.505495 43.000000
115.521479 43.000000
115.537463 43.000000
115.553447 43.000000
115.569431 43.000000
115.585415 43.000000
115.601399 43.000000
115.617383 43.000000
115.633367 43.000000
115.649351 43.000000
115.665335 43.000000
115.681319 43.000000
115.697303 43.000000
115.713287 43.000000
115.729271 43.000000
115.745255 43.000000
115.761239 43.000000
115.777223 43.000000
115.793207 43.000000
115.809191 43.000000
115.825175 43.000000
115.841159 43.000000
115.857143 43.000000
115.873127 43.000000
115.889111 43.000000
115.905095 43.000000
115.921079 43.000000
115.937063 43.000000
115.953047 43.000000
115.969031 43.000000
115.985015 43.000000
116.000999 43.000000
116.016983 43.000000
116.032967 43.000000
116.048951 43.000000
116.064935 43.000000
116.080919 43.000000
116.096903 43.000000
116.112887 43.000000
116.128871 43.000000
116.144855 43.000000
116.160839 43.000000
116.176823 43.000000
116.192807 43.000000
116.208791 43.000000
116.224775 43.000000
116.240759 43.000000
116.256743 43.000000
116.272727 43.000000
116.288711 43.000000
116.304695 43.000000
116.320679 43.000000
116.336663 43.000000
116.352647 43.000000
116.368631 43.000000
116.384615 43.000000
116.400599 43.000000
116.416583 43.000000
116.432567 43.000000
116.448551 43.000000
116.464535 43.000000
116.480519 43.000000
116.496503 43.000000
116.512488 43.000000
116.528472 43.000000
116.544456 43.000000
116.560440 43.000000
116.576424 43.000000
116.592408 43.000000
116.608392 43.000000
116.624376 43.000000
116.640360 43.000000
116.656344 43.000000
116.672328 43.000000
116.688312 43.000000
116.704296 43.000000
116.720280 43.000000
116.736264 43.000000
116.752248 43.000000
116.768232 43.000000
116.784216 43.000000
116.800200 43.000000
116.816184 43.000000
116.832168 43.000000
116.848152 43.000000
116.864136 43.000000
116.880120 43.000000
116.896104 43.000000
116.912088 43.000000
116.928072 43.000000
116.944056 43.000000
116.960040 43.000000
116.976024 43.000000
116.992008 43.000000
117.007992 43.000000
117.023976 43.000000
117.039960 43.000000
117.055944 43.000000
117.071928 43.000000
117.087912 43.000000
117.103896 43.000000
117.119880 43.000000
117.135864 43.000000
117.151848 43.000000
117.167832 43.000000
117.183816 43.000000
117.199800 43.000000
117.215784 43.000000
117.231768 43.000000
117.247752 43.000000
117.263736 43.000000
117.279720 43.000000
117.295704 43.000000
117.311688 43.000000
117.327672 43.000000
117.343656 43.000000
117.359640 43.000000
117.375624 43.000000
117.391608 43.000000
117.407592 43.000000
117.423576 43.000000
117.439560 43.000000
117.455544 43.000000
117.471528 43.000000
117.487512 43.000000
117.503497 43.000000
117.519481 43.000000
117.535465 43.000000
117.551449 43.000000
117.567433 43.000000
117.583417 43.000000
117.599401 43.000000
117.615385 43.000000
117.631369 43.000000
117.647353 43.000000
117.663337 43.000000
117.679321 43.000000
117.695305 43.000000
117.711289 43.000000
117.727273 43.000000
117.743257 43.000000
117.759241 43.000000
117.775225 43.000000
117.791209 43.000000
117.807193 43.000000
117.823177 43.000000
117.839161 43.000000
117.855145 43.000000
117.871129 43.000000
117.887113 43.000000
117.903097 43.000000
117.919081 43.000000
117.935065 43.000000
118.000000 43.000000
118.000000 42.936064
118.000000 42.920080
118.000000 42.904096
118.000000 42.888112
118.000000 42.872128
118.000000 42.856144
118.000000 42.840160
118.000000 42.824176
118.000000 42.808192
118.000000 42.792208
118.000000 42.776224
118.000000 42.760240
118.000000 42.744256
118.000000 42.728272
118.000000 42.712288
118.000000 42.696304
118.000000 42.680320
118.000000 42.664336
118.000000 42.648352
118.000000 42.632368
118.000000 42.616384
118.000000 42.600400
118.000000 42.584416
118.000000 42.568432
118.000000 42.552448
118.000000 42.536464
118.000000 42.520480
118.000000 42.504496
118.000000 42.488511
118.000000 42.472527
118.000000 42.456543
118.000000 42.440559
118.000000 42.424575
118.000000 42.408591
118.000000 42.392607
118.000000 42.376623
118.000000 42.360639
118.000000 42.344655
118.000000 42.328671
118.000000 42.312687
118.000000 42.296703
118.000000 42.280719
118.000000 42.264735
118.000000 42.248751
118.000000 42.232767
118.000000 42.216783
118.000000 42.200799
118.000000 42.184815
118.000000 42.168831
118.000000 42.152847
118.000000 42.136863
118.000000 42.120879
118.000000 42.104895
118.000000 42.088911
118.000000 42.072927
118.000000 42.056943
118.000000 42.040959
118.000000 42.024975
118.000000 42.008991
118.000000 41.993007
118.000000 41.977023
118.000000 41.961039
118.000000 41.945055
118.000000 41.929071
118.000000 41.913087
118.000000 41.897103
118.000000 41.881119
118.000000 41.865135
118.000000 41.849151
118.000000 41.833167
118.000000 41.817183
118.000000 41.801199
118.000000 41.785215
118.000000 41.769231
118.000000 41.753247
118.000000 41.737263
118.000000 41.721279
118.000000 41.705295
118.000000 41.689311
118.000000 41.673327
118.000000 41.657343
118.000000 41.641359
118.000000 41.625375
118.000000 41.609391
118.000000 41.593407
118.000000 41.577423
118.000000 41.561439
118.000000 41.545455
118.000000 41.529471
118.000000 41.513487
118.000000 41.497502
118.000000 41.481518
118.000000 41.465534
118.000000 41.449550
118.000000 41.433566
118.000000 41.417582
118.000000 41.401598
118.000000 41.385614
118.000000 41.369630
118.000000 41.353646
118.000000 41.337662
118.000000 41.321678
118.000000 41.305694
118.000000 41.289710
118.000000 41.273726
118.000000 41.257742
118.000000 41.241758
118.000000 41.225774
118.000000 41.209790
118.000000 41.193806
118.000000 41.177822
118.000000 41.161838
118.000000 41.145854
118.000000 41.129870
118.000000 41.113886
118.000000 41.097902
118.000000 41.081918
118.000000 41.065934
118.000000 41.049950
118.000000 41.033966
118.000000 41.017982
118.000000 41.001998
118.000000 40.986014
118.000000 40.970030
118.000000 40.954046
118.000000 40.938062
118.000000 40.922078
118.000000 40.906094
118.000000 40.890110
118.000000 40.874126
118.000000 40.858142
118.000000 40.842158
118.000000 40.826174
118.000000 40.810190
118.000000 40.794206
118.000000 40.778222
118.000000 40.762238
118.000000 40.746254
118.000000 40.730270
118.000000 40.714286
118.000000 40.698302
118.000000 40.682318
118.000000 40.666334
118.000000 40.650350
118.000000 40.634366
118.000000 40.618382
118.000000 40.602398
118.000000 40.586414
118.000000 40.570430
118.000000 40.554446
118.000000 40.538462
118.000000 40.522478
118.000000 40.506494
118.000000 40.490509
118.000000 40.474525
118.000000 40.458541
118.000000 40.442557
118.000000 40.426573
118.000000 40.410589
118.000000 40.394605
118.000000 40.378621
118.000000 40.362637
118.000000 40.346653
118.000000 40.330669
118.000000 40.314685
118.000000 40.298701
118.000000 40.282717
118.000000 40.266733
118.000000 40.250749
118.000000 40.234765
118.000000 40.218781
118.000000 40.202797
118.000000 40.186813
118.000000 40.154845
118.000000 40.138861
118.000000 40.122877
118.000000 40.106893
118.000000 40.090909
118.000000 40.074925
118.000000 40.058941
118.000000 40.042957
118.000000 40.026973
118.000000 40.010989
118.000000 39.995005
118.000000 39.979021
118.000000 39.963037
118.000000 39.947053
118.000000 39.931069
118.000000 39.915085
118.000000 39.899101
118.000000 39.883117
118.000000 39.867133
118.000000 39.851149
118.000000 39.835165
118.000000 39.819181
115.908260 39.626753
115.904332 39.623710
115.894343 39.615971
115.886605 39.609976
115.876616 39.602237
115.868878 39.596242
115.858889 39.588503
115.851150 39.582508
115.841162 39.574769
115.833423 39.568774
115.823435 39.561035
115.815696 39.555040
115.805707 39.547301
115.797969 39.541306
115.787980 39.533567
115.794015 39.538243
115.786992 39.532801
115.781508 39.528553
115.780242 39.527572
115.770253 39.519833
115.762452 39.513888
115.752319 39.506188
115.742185 39.498488
115.734486 39.492637
115.724352 39.484937
115.716653 39.479087
115.706519 39.471387
115.698819 39.465536
115.688686 39.457837
115.680986 39.451986
115.660719 39.436586
115.653020 39.430736
115.642886 39.423036
115.646481 39.425768
115.639655 39.420580
115.637484 39.418931
115.635187 39.417185
115.625716 39.409990
115.621821 39.407030
115.614122 39.401179
115.609605 39.397748
115.617353 39.403635
115.607220 39.395935
115.597087 39.388235
115.589387 39.382385
115.594189 39.386033
115.588589 39.381778
115.580213 39.375519
115.579052 39.374665
115.578986 39.374616
115.571357 39.369008
115.560982 39.361379
115.550606 39.353751
115.542978 39.348143
115.545280 39.349836
115.544205 39.349045
115.536577 39.343437
115.531011 39.339345
115.532602 39.340515
115.524974 39.334906
115.514598 39.327278
115.506970 39.321669
115.496594 39.314041
115.495744 39.313416
115.490194 39.309335
115.486349 39.306509
115.487499 39.307354
115.486219 39.306413
115.478590 39.300805
115.468215 39.293176
115.460587 39.287568
115.450211 39.279940
115.442583 39.274331
115.432207 39.266703
115.424579 39.261095
115.414203 39.253466
115.406575 39.247858
115.396650 39.240561
115.140850 38.960086
115.139483 38.959249
115.127856 38.952132
115.120738 38.947776
115.109111 38.940659
115.101994 38.936302
115.090366 38.929185
115.083249 38.924829
115.071621 38.917712
115.064504 38.913355
115.052876 38.906238
115.045759 38.901882
115.034131 38.894765
115.027014 38.890408
115.015387 38.883291
115.008269 38.878935
115.012348 38.881431
115.010173 38.880100
114.998546 38.872983
114.994076 38.870247
114.996642 38.871818
114.989525 38.867461
114.977897 38.860344
114.959152 38.848871
114.947524 38.841754
114.940407 38.837397
114.928779 38.830280
114.910035 38.818807
114.898407 38.811690
114.879662 38.800216
114.872490 38.795827
114.867975 38.793062
114.860680 38.788520
114.849516 38.781185
114.846412 38.779146
114.846009 38.778881
114.834845 38.771546
114.833055 38.770370
114.831016 38.769030
114.819851 38.761695
114.801352 38.749539
114.790187 38.742204
114.771688 38.730049
114.770092 38.729000
114.764352 38.725229
114.757017 38.720410
114.755227 38.719234
114.753188 38.717894
114.751592 38.716845
114.745852 38.713074
114.734688 38.705739
114.727353 38.700919
114.726798 38.700554
114.723524 38.698403
114.712359 38.691068
114.705024 38.686248
114.693860 38.678913
114.682695 38.671578
114.675360 38.666758
114.664195 38.659422
114.653031 38.652087
114.645696 38.647267
114.634531 38.639932
114.632610 38.638782
114.627014 38.635215
114.620214 38.631421
114.608024 38.624621
114.604994 38.622931
114.602633 38.621614
114.594563 38.617112
114.589033 38.614027
114.582232 38.610234
114.578112 38.607936
114.583642 38.611021
114.571452 38.604220
114.563205 38.599620
114.551051 38.592840
114.544251 38.589046
114.527633 38.579776
114.521279 38.576232
114.509089 38.569432
114.496898 38.562632
114.477907 38.552038
114.465717 38.545238
114.453526 38.538437
114.446726 38.534644
114.434535 38.527844
114.427735 38.524050
114.415545 38.517250
114.403354 38.510450
114.396554 38.506656
114.384363 38.499856
114.377563 38.496062
114.370762 38.492269
114.363962 38.488475
114.349985 38.477565
114.346582 38.462342
114.343180 38.447118
114.339777 38.431895
114.336374 38.416671
114.335614 38.413269
114.333963 38.405882
114.334317 38.407468
114.333372 38.403238
114.332877 38.401027
114.332211 38.398045
114.328808 38.382822
114.328048 38.379419
114.324645 38.364196
114.321242 38.348972
114.317840 38.333749
114.317079 38.330346
114.315308 38.322419
114.315580 38.323639
114.315198 38.321928
114.314820 38.320236
114.313677 38.315122
114.310274 38.299899
114.306871 38.284676
114.308167 38.290475
114.307632 38.288078
114.306547 38.267147
114.308102 38.251316
114.308567 38.246580
114.307949 38.252871
114.309504 38.237039
114.311058 38.221208
114.312613 38.205377
114.314168 38.189545
114.315722 38.173714
114.317277 38.157882
114.318832 38.142051
114.320386 38.126220
114.321941 38.110388
114.323495 38.094557
114.325050 38.078726
114.326605 38.062894
114.327155 38.041593
114.324598 38.026029
114.322040 38.010465
114.319483 37.994901
114.316925 37.979338
114.314368 37.963774
114.311810 37.948210
114.309253 37.932646
114.307249 37.920455
114.306275 37.914525
114.303717 37.898961
114.301160 37.883398
114.298603 37.867834
114.296045 37.852270
114.293488 37.836706
114.290930 37.821143
114.288373 37.805579
114.285815 37.790015
114.283258 37.774451
114.280700 37.758887
114.280925 37.760256
114.280699 37.758881
114.278311 37.742984
114.278913 37.746993
114.278014 37.740851
114.276129 37.727304
114.273946 37.711624
114.271764 37.695943
114.271460 37.693761
114.269278 37.678081
114.267096 37.662400
114.264913 37.646720
114.264610 37.644538
114.262428 37.628858
114.260245 37.613177
114.258063 37.597497
114.255881 37.581817
114.253698 37.566136
114.253395 37.563954
114.251212 37.548274
114.251991 37.553870
114.251516 37.550456
114.249334 37.534776
114.247152 37.519095
114.246848 37.516913
114.244666 37.501233
114.242483 37.485553
114.240301 37.469872
114.238119 37.454192
114.235937 37.438512
114.233966 37.422115
114.232994 37.406191
114.232021 37.390266
114.231049 37.374341
114.230990 37.373369
114.230017 37.357444
114.229045 37.341520
114.228013 37.324623
114.227041 37.308698
114.226698 37.303087
114.226128 37.293746
114.225155 37.277821
114.224183 37.261896
114.223210 37.245972
114.222238 37.230047
114.221266 37.214123
114.220293 37.198198
114.219321 37.182273
114.218348 37.166349
114.217376 37.150424
114.216404 37.134499
114.215431 37.118575
114.214459 37.102650
114.214172 37.097947
114.213368 37.084781
114.212682 37.073559
114.213486 37.086725
114.212514 37.070801
114.211550 37.053946
114.211550 37.037962
114.211550 37.021978
114.211550 37.005994
114.211550 36.990010
114.211550 36.974026
114.211550 36.958042
114.211550 36.942058
114.211550 36.926074
114.211550 36.910090
114.211550 36.894106
114.211550 36.878122
114.211550 36.862138
114.211550 36.846154
114.211550 36.830170
114.211550 36.814186
114.211550 36.798202
114.211550 36.782218
114.211550 36.766234
114.211550 36.750250
114.212663 36.732894
114.214203 36.717059
114.215743 36.701225
114.216083 36.697725
114.217133 36.686931
114.218673 36.671096
114.220212 36.655262
114.221752 36.639428
114.223292 36.623594
114.224832 36.607759
114.226372 36.591925
114.227912 36.576091
114.229452 36.560256
114.230992 36.544422
114.232531 36.528588
114.233822 36.507888
114.232110 36.492738
114.232049 36.492197
114.232241 36.493888
114.230774 36.480901
114.229280 36.467670
114.228774 36.463190
114.230458 36.478105
114.228676 36.462323
114.226893 36.446540
114.225111 36.430757
114.224910 36.428975
114.224708 36.427192
114.224507 36.425410
114.222725 36.409627
114.222523 36.407845
114.220741 36.392062
114.220540 36.390280
114.218757 36.374497
114.218556 36.372715
114.214098 36.368409
114.218556 36.372715
114.216803 36.357191
114.216601 36.355408
114.214819 36.339626
114.214618 36.337843
114.212835 36.322061
114.211550 36.310680
114.205495 36.309258
114.201937 36.308422
114.186789 36.304865
114.183231 36.304029
114.168083 36.300472
114.164525 36.299636
114.149376 36.296079
114.145819 36.295243
114.135950 36.292926
114.135949 36.292925
114.132391 36.292090
114.117243 36.288532
114.105654 36.285811
114.100120 36.284511
114.102094 36.284975
114.098537 36.284139
114.083388 36.280582
114.064682 36.276189
114.049533 36.272631
114.034385 36.269074
114.030827 36.268238
114.000530 36.261123
113.981824 36.256730
113.966676 36.253173
113.963118 36.252337
113.955496 36.250547
113.961966 36.252067
113.953364 36.250046
113.945831 36.248277
113.944412 36.247944
113.929263 36.244387
113.937459 36.246311
113.923067 36.242931
113.919728 36.242147
113.914115 36.240829
113.912963 36.240559
113.904361 36.238538
113.896828 36.236769
113.895409 36.236436
113.891851 36.235600
113.876703 36.232043
113.861554 36.228485
113.857997 36.227650
113.842848 36.224092
113.839290 36.223257
113.815639 36.207786
113.814273 36.191920
113.814155 36.190554
113.812789 36.174687
113.812672 36.173321
113.811322 36.157641
113.810528 36.148418
113.810410 36.147052
113.810293 36.145686
113.810175 36.144320
113.809771 36.139628
113.809705 36.138857
113.808339 36.122990
113.808221 36.121624
113.806855 36.105758
113.806871 36.105944
113.806077 36.096721
113.804711 36.080855
113.804123 36.074023
113.804123 36.074025
113.804006 36.072659
113.802640 36.056793
113.801274 36.040926
113.799908 36.025060
113.798542 36.009193
113.797176 35.993327
113.795810 35.977461
113.794444 35.961594
113.788660 35.935516
113.784629 35.920623
113.785720 35.924654
113.781689 35.909761
113.777658 35.894868
113.773627 35.879975
113.769596 35.865082
113.765566 35.850188
113.761535 35.835295
113.757504 35.820402
113.753473 35.805509
113.749442 35.790616
113.745411 35.775723
113.740289 35.756799
113.736259 35.741906
113.735168 35.737875
113.731137 35.722982
113.727106 35.708089
113.726015 35.704058
113.721302 35.693240
113.726015 35.704057
113.722610 35.691478
113.717373 35.683850
113.716929 35.683204
113.716929 35.683203
113.711809 35.675744
113.708077 35.670308
113.704795 35.665528
113.701000 35.660000
113.699230 35.657422
113.691772 35.646559
113.684314 35.635695
113.679193 35.628237
113.671735 35.617373
113.666615 35.609915
113.659157 35.599051
113.651699 35.588187
113.646578 35.580729
113.639120 35.569865
113.634550 35.563209
113.632106 35.559648
113.631556 35.558846
113.626542 35.551543
113.624859 35.549091
113.619528 35.541326
113.615768 35.535850
113.613963 35.533221
113.606505 35.522357
113.601385 35.514899
113.593926 35.504035
113.596046 35.507122
113.586913 35.493819
113.578500 35.484473
113.570920 35.477950
113.574660 35.481169
113.565478 35.473266
113.557575 35.466465
113.548392 35.458562
113.540490 35.451760
113.531307 35.443857
113.514222 35.429153
113.497136 35.414449
113.496631 35.414014
113.493073 35.410952
113.485170 35.404150
113.480564 35.400186
113.487953 35.406546
113.480051 35.399745
113.470868 35.391842
113.462965 35.385041
113.453783 35.377138
113.445880 35.370336
113.436697 35.362434
113.432542 35.358858
113.426011 35.353236
113.421405 35.349272
113.420892 35.348831
113.411709 35.340928
113.403806 35.334126
113.394623 35.326224
113.386721 35.319422
113.380520 35.314086
113.373475 35.308022
113.365572 35.301221
113.356389 35.293318
113.353192 35.290567
113.361732 35.297917
113.352550 35.290014
113.350240 35.288026
113.139770 35.162891
113.124268 35.161873
113.123222 35.161804
113.107307 35.160758
113.091391 35.159713
113.093919 35.159879
113.087209 35.159438
113.086164 35.159369
113.078846 35.158888
113.075476 35.158667
113.059561 35.157622
113.043645 35.156576
113.042600 35.156508
113.043286 35.156553
113.038418 35.156233
113.022503 35.155187
113.005542 35.154073
112.998675 35.153622
113.010769 35.154417
112.994854 35.153371
112.978939 35.152326
112.963023 35.151280
112.947108 35.150235
112.946062 35.150166
112.930147 35.149120
112.925437 35.148811
112.912998 35.147980
112.897915 35.146818
112.882035 35.145530
112.866156 35.144242
112.850276 35.142954
112.834397 35.141666
112.818517 35.140378
112.802638 35.139090
112.786758 35.137802
112.770879 35.136514
112.754999 35.135226
112.739119 35.133938
112.723240 35.132650
112.721952 35.132545
112.706072 35.131257
112.690193 35.129969
112.674313 35.128681
112.677603 35.128948
112.667873 35.128158
112.651993 35.126870
112.636114 35.125582
112.620234 35.124294
112.618946 35.124190
112.608326 35.123329
112.594916 35.122240
112.579036 35.120952
112.563157 35.119664
112.547277 35.118376
112.557236 35.119184
112.555428 35.119037
112.539549 35.117749
112.537510 35.117584
112.233140 35.117584
112.232996 35.117544
112.227199 35.115935
112.223916 35.115023
112.209076 35.110903
112.194235 35.106783
112.179395 35.102663
112.164555 35.098543
112.149715 35.094423
112.130755 35.089159
112.112874 35.083990
112.098487 35.079197
112.084099 35.074403
112.083403 35.074171
112.079314 35.072809
112.060134 35.066419
112.045747 35.061626
112.037772 35.058969
112.036145 35.058427
112.021757 35.053634
112.007370 35.048841
112.002577 35.047245
111.988190 35.042451
111.973803 35.037658
111.959415 35.032865
111.945028 35.028072
111.930641 35.023279
111.911461 35.016889
111.897074 35.012096
111.883430 35.007551
111.721530 34.947141
111.711239 34.942125
111.704944 34.939057
111.692028 34.932762
111.690727 34.932128
111.729199 34.976216
111.733141 34.991160
111.737083 35.006105
111.741025 35.021049
111.742065 35.024991
111.746007 35.039935
111.747468 35.045474
111.751205 35.059645
111.753686 35.069050
111.753890 35.069824
111.757832 35.084768
111.761774 35.099712
111.763283 35.105433
111.766973 35.119422
111.770915 35.134366
111.774857 35.149310
111.778799 35.164254
111.782741 35.179199
111.786683 35.194143
111.791664 35.213029
111.795606 35.227973
111.800588 35.246859
111.804530 35.261804
111.808472 35.276748
111.813453 35.295634
111.813457 35.295645
111.815316 35.302694
111.817890 35.309580
111.817983 35.309873
111.821911 35.320250
111.824561 35.327252
111.825243 35.329054
111.825278 35.329146
111.830569 35.343127
111.834497 35.353504
111.837147 35.360506
111.838264 35.363457
111.843156 35.376381
111.848448 35.390362
111.853740 35.404343
111.855743 35.409635
111.866326 35.437597
111.873621 35.456870
111.878913 35.470851
111.880916 35.476143
111.886207 35.490124
111.891499 35.504105
111.893502 35.509397
111.898794 35.523378
111.904086 35.537359
111.906089 35.542651
111.911191 35.556416
111.918075 35.575656
111.923145 35.589826
111.924959 35.594896
111.930029 35.609066
111.935099 35.623236
111.936913 35.628306
111.941982 35.642476
111.947052 35.656646
111.948866 35.661716
111.953936 35.675886
111.959006 35.690056
111.964076 35.704226
111.969146 35.718396
111.970960 35.723466
111.976029 35.737636
111.981099 35.751806
111.986169 35.765976
111.991239 35.780146
111.996309 35.794317
112.001379 35.808487
112.006449 35.822657
112.011518 35.836827
112.016588 35.850997
112.021658 35.865167
112.022191 35.891514
112.018352 35.906515
112.014513 35.921517
112.010673 35.936518
112.011127 35.934746
112.010582 35.936874
112.006869 35.951384
112.003977 35.962682
112.000138 35.977683
111.996299 35.992685
111.992459 36.007686
111.988620 36.022687
111.988378 36.023633
111.987546 36.026883
111.985617 36.034421
111.983798 36.041528
111.979959 36.056529
111.976119 36.071531
111.972280 36.086532
111.971297 36.090372
111.967458 36.105373
111.963619 36.120374
111.959779 36.135376
111.958797 36.139215
111.954958 36.154217
111.954670 36.155340
111.627630 36.528587
112.048570 36.977346
112.046928 36.979200
112.045819 36.980453
112.044209 36.982270
112.044008 36.982497
112.038995 36.988157
112.038312 36.988927
112.038088 36.989180
112.036443 36.991037
112.030155 36.998137
112.029987 36.998327
112.028342 37.000184
112.020408 37.009141
112.012991 37.017514
112.006354 37.025008
112.006186 37.025198
112.004541 37.027055
111.996607 37.036012
111.988674 37.044969
111.981194 37.053413
111.976433 37.058789
111.976105 37.059160
111.972807 37.062883
111.964873 37.071840
111.957992 37.079608
111.955068 37.082909
111.949913 37.088730
111.949290 37.089434
111.946512 37.092570
111.946383 37.092716
111.942886 37.096664
111.927925 37.113554
111.927302 37.114258
111.924524 37.117394
111.917497 37.125328
111.902536 37.142218
111.895509 37.150152
111.887576 37.159109
111.880549 37.167042
111.876923 37.171136
111.873522 37.174976
111.865588 37.183933
111.861962 37.188026
111.861962 37.188026
111.878544 37.287143
111.881254 37.289143
111.881254 37.289143
111.884821 37.291776
111.893818 37.298416
111.908505 37.309256
111.914018 37.313325
111.924366 37.320962
111.931402 37.326156
111.932003 37.326599
111.942350 37.334236
111.949987 37.339873
111.960335 37.347510
111.962539 37.349137
111.967972 37.353146
111.978319 37.360783
111.982656 37.363984
111.985956 37.366420
111.988884 37.368581
111.996304 37.374057
112.005653 37.380957
112.006651 37.381694
112.014288 37.387331
112.024635 37.394968
112.030646 37.399063
112.041716 37.406439
112.045423 37.408909
112.045688 37.409085
112.060161 37.418729
112.065561 37.422327
112.067537 37.423643
112.072811 37.427157
112.072811 37.427157
112.078607 37.431019
112.097052 37.443309
112.108122 37.450684
112.111714 37.453077
112.115498 37.455598
112.121186 37.459388
112.121186 37.459388
112.126567 37.462974
112.137637 37.470350
112.141229 37.472743
112.145013 37.475264
112.150739 37.479079
112.156108 37.482656
112.165050 37.488614
112.174528 37.494929
112.185598 37.502305
112.192973 37.507219
112.204043 37.514595
112.211419 37.519509
112.213720 37.521043
112.222488 37.526885
112.233558 37.534260
112.235717 37.535698
112.240934 37.539174
112.252004 37.546550
112.252004 37.546551
112.252029 37.546567
112.263099 37.553943
112.270474 37.558857
112.281544 37.566232
112.281710 37.566343
112.281710 37.581419
112.281710 37.597403
112.281710 37.613387
112.281710 37.629371
112.281710 37.645355
112.281710 37.661339
112.281710 37.677323
112.281710 37.693307
112.281710 37.709291
112.281710 37.725275
112.281710 37.741259
112.293181 37.781738
112.300927 37.791698
112.308673 37.801657
112.309533 37.802762
112.316419 37.811616
112.324042 37.821418
112.331050 37.830428
112.338796 37.840387
112.344821 37.848133
112.352567 37.858093
112.352666 37.858220
112.353428 37.859200
112.359353 37.866819
112.359452 37.866946
112.359548 37.867069
112.367199 37.876905
112.373223 37.884651
112.380734 37.894309
112.393879 37.911209
112.394371 37.911842
112.394740 37.912316
112.400765 37.920062
112.408511 37.930022
112.409005 37.930657
112.421420 37.946620
112.421740 37.947032
112.422281 37.947727
112.428306 37.955473
112.442077 37.973179
112.444897 37.976805
112.444897 37.976805
112.455847 37.990884
112.461527 37.998187
112.463594 38.000844
112.464799 38.002393
112.470479 38.009696
112.478225 38.019655
112.482624 38.025311
112.483389 38.026295
112.491135 38.036254
112.497160 38.044001
112.504906 38.053960
112.511600 38.062567
112.511704 38.063433
112.513596 38.079189
112.514770 38.088966
112.514960 38.090543
112.515678 38.096523
112.515716 38.096838
112.517608 38.112595
112.518782 38.122372
112.518972 38.123949
112.520795 38.139132
112.521393 38.144109
112.521620 38.146001
112.523512 38.161758
112.524653 38.171257
112.524876 38.173111
112.526763 38.188828
112.527297 38.193271
112.529189 38.209028
112.531081 38.224785
112.531083 38.224802
112.531308 38.226677
112.533170 38.242174
112.533201 38.242434
112.535093 38.258191
112.536569 38.270485
112.536985 38.273947
112.537510 38.284715
112.537510 38.300699
112.537510 38.316683
112.537510 38.332667
112.537510 38.348651
112.537510 38.364635
112.537510 38.380619
112.537510 38.396603
112.537510 38.412587
112.541251 38.469233
112.544077 38.484701
112.544480 38.486909
112.546631 38.498681
112.549457 38.514148
112.552283 38.529616
112.554705 38.542876
112.555380 38.546572
112.558206 38.562039
112.561032 38.577507
112.563858 38.592975
112.569510 38.623910
112.572336 38.639378
112.578624 38.673795
112.580542 38.684293
112.580542 38.684295
112.582350 38.700556
112.582350 38.700556
112.580261 38.716263
112.580044 38.717891
112.579839 38.719435
112.577750 38.735141
112.575661 38.750847
112.573572 38.766553
112.571483 38.782259
112.567305 38.813672
112.565216 38.829378
112.563127 38.845084
112.561038 38.860790
112.560170 38.867314
112.556098 38.877922
112.550750 38.891853
112.545402 38.905784
112.540054 38.919714
112.534706 38.933645
112.529358 38.947576
112.527305 38.952924
112.526931 38.953897
112.522818 38.964612
112.517470 38.978543
112.512122 38.992474
112.506774 39.006405
112.504671 39.011883
112.815970 39.255663
112.829728 39.260844
112.835000 39.262830
112.848999 39.268102
112.852256 39.269329
112.862997 39.273374
112.866992 39.274878
112.868269 39.275359
112.882268 39.280631
112.885321 39.281781
112.889177 39.283233
112.922446 39.295763
112.927718 39.297748
112.941717 39.303020
112.948383 39.305531
112.948806 39.305690
112.962804 39.310962
112.976803 39.316234
112.990802 39.321506
112.992941 39.322312
112.994256 39.322807
113.008255 39.328079
113.022253 39.333351
113.025386 39.334531
113.043341 39.341293
113.057340 39.346565
113.065866 39.349776
113.071338 39.351837
113.076610 39.353823
113.083443 39.356396
113.090609 39.359094
113.104607 39.364366
113.118606 39.369638
113.121105 39.370579
113.122060 39.370939
113.125666 39.372297
113.132404 39.374835
113.137876 39.376896
113.139696 39.377581
113.143148 39.378881
113.157147 39.384153
113.165673 39.387364
113.171145 39.389425
113.176417 39.391411
113.191103 39.402139
113.191190 39.402336
113.197021 39.415502
113.199642 39.421420
113.203819 39.430852
113.204405 39.432175
113.205560 39.434783
113.208181 39.440701
113.211076 39.447238
113.214099 39.454065
113.216720 39.459983
113.222638 39.473346
113.225259 39.479264
113.231177 39.492627
113.233798 39.498545
113.239716 39.511908
113.245634 39.525271
113.248255 39.531189
113.254173 39.544552
113.256820 39.550527
113.260092 39.557915
113.261616 39.561357
113.263305 39.565171
113.265359 39.569808
113.268631 39.577196
113.274320 39.590043
113.274549 39.590560
113.280467 39.603923
113.280820 39.604721
113.283088 39.609841
113.285948 39.616298
113.286301 39.617096
113.292219 39.630459
113.292448 39.630976
113.294924 39.636567
113.300657 39.649512
113.300842 39.649930
113.304910 39.659115
113.365143 40.806132
113.380193 40.809881
113.383942 40.810815
113.386983 40.811573
113.390023 40.812331
113.402741 40.815499
113.406491 40.816433
113.411342 40.817642
113.412052 40.817819
113.413575 40.818198
113.414520 40.818433
113.414628 40.818460
113.422539 40.820432
113.422539 40.820432
113.423456 40.820660
113.425290 40.821117
113.427005 40.821544
113.425243 40.821105
113.429092 40.822064
113.429092 40.822064
113.430240 40.822350
113.430406 40.822391
113.433983 40.823282
113.432582 40.822933
113.437440 40.824143
113.444090 40.825800
113.445179 40.826071
113.447425 40.826631
113.456032 40.828776
113.456306 40.828844
113.456839 40.828977
113.458474 40.829384
113.459088 40.829537
113.461923 40.830243
113.463357 40.830601
113.463833 40.830719
113.466887 40.831480
113.467057 40.831522
113.470388 40.832352
113.471639 40.832664
113.473775 40.833196
113.477524 40.834130
113.477531 40.834132
113.477533 40.834133
113.477534 40.834133
113.477535 40.834133
113.477931 40.834232
113.489187 40.837036
113.489480 40.837109
113.490706 40.837676
113.493074 40.838772
113.493075 40.838772
113.499167 40.841591
113.499167 40.841591
113.512332 40.847683
113.513407 40.848180
113.520387 40.851410
113.533552 40.857502
113.534185 40.857795
113.534330 40.857862
113.547496 40.863954
113.553587 40.866773
113.559679 40.869592
113.560471 40.869958
113.564011 40.871596
113.572724 40.875628
113.578158 40.878142
113.584800 40.881216
113.585028 40.881321
113.591120 40.884140
113.597212 40.886959
113.603304 40.889778
113.605561 40.890822
113.612543 40.894053
113.625708 40.900145
113.630297 40.902269
113.634744 40.904326
113.637226 40.905475
113.642021 40.907693
113.655186 40.913785
113.657907 40.915044
113.669333 40.920331
113.674729 40.922828
113.675528 40.923198
113.677387 40.924058
113.683479 40.926877
113.686597 40.928320
113.686850 40.928437
113.688590 40.929242
113.695363 40.932376
113.702050 40.935470
113.706865 40.937698
113.718559 40.943109
113.721012 40.944244
113.722610 40.944984
114.898102 43.000000
114.914086 43.000000
114.930070 43.000000
114.946054 43.000000
114.962038 43.000000
114.978022 43.000000
114.994006 43.000000
115.009990 43.000000
115.025974 43.000000
115.041958 43.000000
115.057942 43.000000
