105.610177 37.484155
105.611802 37.485068
105.622327 37.490980
105.627296 37.493772
105.629152 37.494815
105.630777 37.495728
105.641302 37.501640
105.643345 37.502788
105.660277 37.512300
105.672427 37.519126
105.679252 37.522960
105.680680 37.523762
105.691402 37.529785
105.698227 37.533620
105.698870 37.533981
105.702232 37.539608
105.709270 37.551387
105.709356 37.551531
105.713476 37.558425
105.717739 37.565559
105.717739 37.565559
105.720514 37.570203
105.723227 37.574743
105.731844 37.589165
105.723227 37.574743
105.724719 37.577241
105.731757 37.589020
105.733743 37.592343
105.735963 37.596058
105.741102 37.604659
105.743088 37.607982
105.747264 37.614971
105.750039 37.619615
105.754244 37.626653
105.757106 37.631443
105.761282 37.638432
105.765488 37.645470
105.769751 37.652604
105.772526 37.657248
105.775388 37.662038
105.779564 37.669027
105.783769 37.676065
105.785364 37.678733
105.790808 37.687843
105.797846 37.699622
105.802051 37.706660
105.804913 37.711450
105.809089 37.718439
105.811701 37.722810
105.816127 37.730217
105.816682 37.731146
105.820420 37.737401
105.827458 37.749179
105.829983 37.753405
105.834409 37.760812
105.838100 37.766990
105.841326 37.778760
105.841718 37.780192
105.845676 37.794632
105.845793 37.795059
105.846910 37.799134
105.850036 37.810540
105.850984 37.814001
105.855059 37.828869
105.855265 37.829622
105.859134 37.843736
105.860920 37.850253
105.863933 37.861246
105.865050 37.865321
105.867338 37.873671
105.868400 37.877545
105.870587 37.885525
105.873199 37.895056
105.874477 37.899721
105.877666 37.911354
105.881741 37.926222
105.883350 37.932094
105.885815 37.941089
105.886047 37.941935
105.886932 37.945164
105.891007 37.960031
105.892616 37.965903
105.892848 37.966749
105.896923 37.981616
105.899211 37.989966
105.900273 37.993840
105.901882 37.999712
105.904347 38.008707
105.905046 38.010786
105.908126 38.019950
105.908993 38.022025
105.913432 38.032647
105.914747 38.035792
105.916884 38.040906
105.919500 38.047166
105.923439 38.056593
105.926120 38.063007
105.928497 38.068694
105.930244 38.072874
105.933250 38.080067
105.936799 38.088561
105.938936 38.093675
105.944623 38.107282
105.944737 38.107556
105.947000 38.112969
105.950549 38.121463
105.952686 38.126577
105.958373 38.140184
105.959456 38.142775
105.964060 38.153791
105.967943 38.163083
105.972123 38.173086
105.975259 38.180589
105.975259 38.180589
105.977330 38.185545
105.977711 38.190218
105.977711 38.190220
105.977816 38.191513
105.979110 38.207392
105.980403 38.223271
105.980921 38.229636
105.981802 38.240443
105.982577 38.249956
105.983095 38.256321
105.984388 38.272200
105.985682 38.288079
105.986975 38.303957
105.988269 38.319836
105.989562 38.335715
105.990855 38.351593
105.992149 38.367472
105.993442 38.383351
105.994735 38.399229
105.996029 38.415108
105.997322 38.430987
105.998616 38.446865
105.999535 38.450907
106.007812 38.478853
106.009260 38.481633
106.014363 38.491424
106.019293 38.500884
106.024051 38.510014
106.029194 38.519884
106.030878 38.523116
106.037429 38.535686
106.041331 38.543174
106.043703 38.547726
106.049440 38.558736
106.050530 38.560827
106.051098 38.561916
106.053667 38.566847
106.051098 38.561916
106.053943 38.567377
106.056315 38.571929
106.056315 38.571929
106.060494 38.579948
106.067045 38.592518
106.068231 38.594794
106.070182 38.598538
106.076684 38.611016
106.077009 38.611639
106.081939 38.621099
106.083560 38.624210
106.086973 38.630760
106.089542 38.635690
106.091903 38.640220
106.093524 38.643331
106.096937 38.649881
106.099506 38.654811
106.101867 38.659341
106.106625 38.668471
106.110039 38.675022
106.116589 38.687592
106.120003 38.694143
106.129967 38.713264
106.136518 38.725834
106.146482 38.744955
106.151847 38.755250
106.153033 38.757526
106.156446 38.764076
106.170978 38.782439
106.172162 38.783469
106.187992 38.797239
106.195907 38.804124
106.205006 38.812039
106.212921 38.818924
106.222020 38.826839
106.229935 38.833724
106.239034 38.841639
106.239603 38.842134
106.240218 38.842669
106.248133 38.849554
106.256048 38.856439
106.263963 38.863325
106.273062 38.871240
106.280977 38.878125
106.290076 38.886040
106.297991 38.892925
106.307090 38.900840
106.315005 38.907725
106.324104 38.915640
106.332019 38.922525
106.332720 38.923135
106.333203 38.923555
106.341117 38.930440
106.349032 38.937325
106.358131 38.945240
106.366046 38.952125
106.375145 38.960040
106.383060 38.966925
106.392159 38.974840
106.392160 38.974841
106.393343 38.975870
106.399964 38.982393
106.407757 38.990383
106.415747 38.998573
106.423540 39.006563
106.431334 39.014552
106.439324 39.022743
106.447117 39.030732
106.447867 39.031501
106.455303 39.039123
106.462547 39.046550
106.462900 39.046912
106.464535 39.048588
106.471086 39.055303
106.477476 39.061854
106.478880 39.063293
106.479259 39.063682
106.486869 39.071483
106.493856 39.078645
106.494663 39.079473
106.495042 39.079862
106.502652 39.087663
106.509639 39.094825
106.510250 39.095452
106.518044 39.103441
106.526033 39.111632
106.533827 39.119621
106.541816 39.127812
106.549610 39.135801
106.557600 39.143992
106.565393 39.151981
106.566796 39.153419
106.573579 39.160372
106.580516 39.167485
106.581568 39.168563
106.597351 39.184743
106.604950 39.192532
106.605341 39.192933
106.608046 39.196307
106.608691 39.197093
106.616484 39.206855
106.617377 39.207974
106.619628 39.210793
106.621304 39.212893
106.622706 39.214649
106.630499 39.224411
106.630962 39.224992
106.633643 39.228349
106.639632 39.235853
106.639864 39.236143
106.644977 39.242548
106.647658 39.245905
106.654891 39.254967
106.658529 39.259523
106.659507 39.260749
106.661673 39.263461
106.664567 39.267087
106.669466 39.273224
106.673522 39.278305
106.675688 39.281017
106.678582 39.284643
106.683481 39.290780
106.687537 39.295861
106.689703 39.298573
106.697496 39.308335
106.705290 39.318098
106.711511 39.325891
106.713187 39.327991
106.719304 39.335654
106.724476 39.342132
106.725526 39.343447
106.726739 39.344967
106.733319 39.353210
106.738432 39.359615
106.741113 39.362972
106.747143 39.370527
106.747334 39.370766
106.753747 39.378798
106.755128 39.380528
106.762693 39.390005
106.767400 39.395901
106.770509 39.405976
106.774657 39.419417
106.778127 39.430661
106.782631 39.445255
106.783635 39.448509
106.785270 39.453808
106.788524 39.464353
106.793028 39.478947
106.793112 39.479219
106.797531 39.493542
106.798921 39.498045
106.803425 39.512639
106.803781 39.513793
106.807929 39.527234
106.812432 39.541828
106.813738 39.546060
106.813941 39.546718
106.816936 39.556422
106.821211 39.570273
106.821440 39.571016
106.825944 39.585610
106.827121 39.589427
106.829401 39.596815
106.830352 39.599895
106.831837 39.604708
106.836341 39.619303
106.835823 39.646933
106.835823 39.646935
106.835279 39.650835
106.834551 39.656048
106.832906 39.667826
106.832180 39.673034
106.831690 39.676541
106.831446 39.678292
106.829624 39.691344
106.829345 39.693342
106.829563 39.691782
106.828652 39.698308
106.827374 39.707460
106.826402 39.714424
106.825186 39.723139
106.822997 39.738817
106.820809 39.754496
106.818620 39.770174
106.817332 39.779398
106.816126 39.788041
106.816126 39.788041
106.814548 39.799343
106.835604 39.834953
106.849234 39.840618
106.849568 39.840757
106.852596 39.842015
106.865417 39.847343
106.866562 39.847819
106.876122 39.851791
106.882158 39.854299
106.895789 39.859964
106.896123 39.860103
106.899151 39.861361
106.904815 39.863714
106.918445 39.869378
106.919703 39.869901
106.928713 39.873645
106.948008 39.881663
106.949770 39.882395
106.961638 39.887327
106.970886 39.891170
106.975268 39.892991
106.977795 39.894041
106.988899 39.898656
106.994453 39.900963
106.994563 39.901009
106.994897 39.901148
107.008193 39.906673
107.013283 39.908788
107.021823 39.912337
107.035454 39.918001
107.041118 39.920355
107.043690 39.921634
107.047597 39.923322
107.051163 39.925370
107.062943 39.932136
107.063765 39.932608
107.066519 39.934190
107.078538 39.941094
107.082001 39.943083
107.088769 39.946970
107.091865 39.948749
107.097460 39.951962
107.110597 39.959508
107.119710 39.964742
107.138632 39.975611
107.145535 39.979576
107.146484 39.980121
107.147323 39.980603
107.154227 39.984568
107.166246 39.991472
107.182475 40.000793
107.183380 40.001313
107.184109 40.001732
107.185168 40.002340
107.197187 40.009244
107.202421 40.012251
107.214321 40.019085
107.215270 40.019630
107.216750 40.020480
107.226340 40.025989
107.233243 40.029954
107.245257 40.036972
107.252220 40.041042
107.264134 40.048005
107.266018 40.049106
107.266148 40.049182
107.273111 40.053252
107.278766 40.056557
107.283012 40.059039
107.289975 40.063109
107.301889 40.070073
107.308853 40.074143
107.313025 40.076582
107.315816 40.078213
107.334694 40.089247
107.342435 40.093772
107.351558 40.099104
107.358521 40.103174
107.370083 40.109932
107.377399 40.114208
107.384362 40.118278
107.396276 40.125242
107.396628 40.125448
107.401226 40.128135
107.408190 40.132206
107.418240 40.138080
107.428155 40.141676
107.433279 40.143534
107.447405 40.148657
107.461531 40.153780
107.475657 40.158903
107.480780 40.160762
107.494906 40.165885
107.509032 40.171008
107.514155 40.172866
107.528281 40.177989
107.542407 40.183112
107.556533 40.188235
107.561656 40.190093
107.575782 40.195216
107.589908 40.200339
107.604034 40.205463
107.609157 40.207321
107.623283 40.212444
107.637409 40.217567
107.651535 40.222690
107.656658 40.224548
107.661781 40.226406
107.666120 40.228685
107.679341 40.234466
107.686776 40.239536
107.686781 40.239538
107.697693 40.246978
107.699004 40.247872
107.701165 40.249345
107.708605 40.254417
107.715246 40.258945
107.716044 40.259489
107.720013 40.262195
107.730429 40.269296
107.737868 40.274368
107.745308 40.279440
107.756220 40.286880
107.767132 40.294319
107.778044 40.301759
107.778540 40.302097
107.788956 40.309198
107.795899 40.313932
107.799868 40.316638
107.807307 40.321710
107.807309 40.321711
107.816650 40.325439
107.832470 40.323828
107.830860 40.323992
107.846680 40.322382
107.862500 40.320772
107.878320 40.319161
107.894140 40.317551
107.909960 40.315940
107.925780 40.314330
107.933342 40.313560
107.939990 40.312883
107.940744 40.312806
107.941601 40.312719
107.956580 40.311195
107.971630 40.309662
107.972471 40.309576
107.973241 40.309498
107.988220 40.307974
108.003270 40.306441
108.004881 40.306278
108.020701 40.304667
108.036521 40.303057
108.052341 40.301446
108.053952 40.301282
108.068931 40.299758
108.069772 40.299672
108.084822 40.298139
108.085592 40.298061
108.100571 40.296537
108.115621 40.295004
108.131441 40.293394
108.132204 40.293316
108.133052 40.293230
108.148872 40.291620
108.164692 40.290009
108.180512 40.288399
108.196332 40.286788
108.212152 40.285178
108.227972 40.283567
108.243792 40.281957
108.258850 40.280425
108.259613 40.280347
108.261223 40.280183
108.273822 40.278900
108.277043 40.278572
108.297761 40.278855
108.298677 40.278882
108.298704 40.278882
108.311667 40.279265
108.313731 40.279326
108.316738 40.279415
108.330644 40.279825
108.343607 40.280208
108.345671 40.280269
108.361641 40.280740
108.377612 40.281212
108.393582 40.281683
108.409552 40.282155
108.425522 40.282626
108.441492 40.283098
108.457462 40.283569
108.473432 40.284041
108.489402 40.284512
108.490670 40.284549
108.505844 40.284997
108.520546 40.285432
108.521342 40.285455
108.537313 40.285926
108.553283 40.286398
108.569253 40.286869
108.585223 40.287341
108.601193 40.287812
108.617163 40.288284
108.633133 40.288755
108.649103 40.289227
108.665073 40.289698
108.666341 40.289735
108.681515 40.290183
108.695782 40.290605
108.697014 40.290641
108.712984 40.291112
108.729425 40.291598
108.745395 40.292069
108.761365 40.292541
108.777335 40.293012
108.791155 40.293420
108.798941 40.293200
108.807126 40.292968
108.815788 40.292723
108.823549 40.292504
108.826978 40.292407
108.839069 40.292065
108.851269 40.291720
108.855491 40.291601
108.859158 40.291497
108.871011 40.291162
108.883663 40.290805
108.887434 40.290698
108.890863 40.290601
108.902954 40.290259
108.915154 40.289914
108.918925 40.289808
108.934896 40.289357
108.950867 40.288905
108.966839 40.288454
108.966683 40.288458
108.966387 40.288466
108.975268 40.288215
108.983261 40.287989
108.990377 40.287788
108.998330 40.287563
109.007211 40.287312
109.015204 40.287086
109.022294 40.286886
109.030272 40.286660
109.039153 40.286409
109.047146 40.286183
109.054262 40.285982
109.062215 40.285757
109.071096 40.285506
109.079089 40.285280
109.086179 40.285080
109.094157 40.284854
109.103038 40.284603
109.111031 40.284377
109.118147 40.284176
109.126100 40.283951
109.134981 40.283700
109.142071 40.283500
109.158042 40.283049
109.166035 40.282823
109.174013 40.282597
109.182869 40.282347
109.189985 40.282146
109.197978 40.281920
109.205956 40.281694
109.214837 40.281443
109.221927 40.281243
109.229920 40.281017
109.237898 40.280791
109.246754 40.280541
109.253870 40.280340
109.261863 40.280114
109.269841 40.279888
109.275060 40.279741
109.285812 40.279437
109.297576 40.279104
109.301783 40.278985
109.307192 40.278832
109.317822 40.278531
109.324146 40.278288
109.334607 40.277859
109.348183 40.277181
109.350103 40.277085
109.350569 40.277062
109.366513 40.276267
109.375859 40.275801
109.380071 40.275591
109.396016 40.274795
109.411960 40.274000
109.413414 40.273928
109.423692 40.273415
109.427904 40.273205
109.443849 40.272409
109.445769 40.272313
109.446235 40.272290
109.462179 40.271495
109.490410 40.270086
109.491682 40.270023
109.493087 40.269953
109.507626 40.269228
109.508116 40.269204
109.523571 40.268432
109.525467 40.268337
109.525957 40.268313
109.555949 40.266818
109.571404 40.266046
109.573300 40.265951
109.573790 40.265927
109.589734 40.265132
109.605678 40.264336
109.621623 40.263541
109.635647 40.262842
109.651125 40.262069
109.652954 40.261978
109.667070 40.261274
109.683014 40.260479
109.683480 40.260456
109.698958 40.259683
109.700787 40.259592
109.701344 40.259564
109.717289 40.258769
109.733233 40.257973
109.746866 40.257293
109.747587 40.257257
109.763531 40.256462
109.770391 40.256120
109.781066 40.255587
109.790711 40.255106
109.795420 40.254871
109.811364 40.254076
109.827308 40.253281
109.843253 40.252485
109.845149 40.252390
109.859197 40.251690
109.859663 40.251667
109.875141 40.250894
109.876970 40.250803
109.891086 40.250099
109.907030 40.249304
109.907496 40.249281
109.922974 40.248508
109.922977 40.248508
109.925360 40.248389
109.943753 40.248372
109.959731 40.248696
109.975708 40.249020
109.991686 40.249344
110.007663 40.249668
110.023641 40.249992
110.039618 40.250316
110.040372 40.250331
110.040266 40.250329
110.042504 40.250375
110.055596 40.250640
110.071573 40.250964
110.087550 40.251288
110.103528 40.251612
110.119505 40.251936
110.135483 40.252260
110.151460 40.252584
110.167438 40.252908
110.183415 40.253232
110.190285 40.253372
110.199717 40.253563
110.215694 40.253887
110.231671 40.254211
110.247649 40.254535
110.263626 40.254859
110.279604 40.255183
110.295581 40.255507
110.311559 40.255831
110.327536 40.256155
110.343514 40.256479
110.359491 40.256803
110.375468 40.257127
110.391446 40.257451
110.407423 40.257775
110.423401 40.258099
110.439378 40.258423
110.455356 40.258747
110.471333 40.259071
110.487311 40.259395
110.503288 40.259719
110.519265 40.260043
110.535243 40.260367
110.551220 40.260691
110.567198 40.261015
110.583175 40.261339
110.599153 40.261663
110.615130 40.261987
110.631108 40.262311
110.640222 40.262496
110.647085 40.262636
110.662758 40.262954
110.663062 40.262960
110.664235 40.263016
110.680279 40.263690
110.689567 40.264646
110.697723 40.265485
110.713540 40.267112
110.729356 40.268739
110.735046 40.269325
110.743546 40.270199
110.752728 40.271144
110.760990 40.271994
110.776806 40.273621
110.783335 40.274293
110.792623 40.275249
110.808439 40.276876
110.816939 40.277750
110.824256 40.278503
110.840072 40.280130
110.845301 40.280668
110.854262 40.281590
110.863444 40.282535
110.871706 40.283385
110.887522 40.285012
110.903339 40.286639
110.909196 40.287242
110.919155 40.288267
110.927655 40.289141
110.934972 40.289894
110.936599 40.290061
110.948772 40.291314
110.952416 40.291689
110.968233 40.293316
110.984049 40.294943
110.999866 40.296571
111.015682 40.298198
111.024182 40.299072
111.031499 40.299825
111.047316 40.301452
111.053950 40.302135
111.063132 40.303080
111.070687 40.303857
111.078949 40.304707
111.094765 40.306334
111.110582 40.307961
111.126706 40.310818
111.141983 40.314104
111.160546 40.318096
111.167761 40.319648
111.175824 40.321382
111.191101 40.324668
111.206378 40.327954
111.221656 40.331239
111.236933 40.334525
111.252210 40.337811
111.260273 40.339545
111.267488 40.341097
111.275638 40.342850
111.282765 40.344382
111.298042 40.347668
111.313320 40.350954
111.315273 40.351374
111.315273 40.351374
111.322280 40.352881
111.322280 40.352881
111.331883 40.354946
111.342738 40.357281
111.353732 40.359645
111.369009 40.362931
111.383620 40.366074
111.392992 40.368089
111.396278 40.368796
111.396944 40.368939
111.411555 40.372082
111.426832 40.375368
111.433967 40.376902
111.442110 40.378653
111.448120 40.379946
111.451967 40.380773
111.467244 40.384059
111.480958 40.387009
111.491228 40.389217
111.493618 40.389731
111.494513 40.389924
111.509791 40.393210
111.525068 40.396496
111.534259 40.398472
111.540345 40.399781
111.543631 40.400488
111.547856 40.401397
111.550203 40.401901
111.565480 40.405187
111.580091 40.408330
111.589463 40.410345
111.600338 40.412684
111.611312 40.415044
111.618095 40.416503
111.623304 40.417623
111.637552 40.420016
111.640533 40.420474
111.653957 40.422473
111.671922 40.425147
111.687560 40.427475
111.703197 40.429803
111.718835 40.432131
111.734472 40.434458
111.750110 40.436786
111.758893 40.438094
111.768075 40.439460
111.783713 40.441788
111.790567 40.442808
111.799350 40.444116
111.801142 40.444382
111.801678 40.444462
111.817315 40.446790
111.832953 40.449118
111.848590 40.451446
111.861606 40.453384
111.864228 40.453774
111.879466 40.456042
111.879865 40.456101
111.895503 40.458429
111.911140 40.460757
111.913468 40.461103
111.922134 40.462393
111.929106 40.463431
111.939510 40.464003
111.941774 40.464127
111.957747 40.464560
111.973719 40.464993
111.989691 40.465426
112.005663 40.465859
112.009206 40.465955
112.021636 40.466293
112.037608 40.466726
112.053580 40.467159
112.069553 40.467592
112.085525 40.468025
112.085958 40.468037
112.097184 40.468341
112.101930 40.468470
112.117902 40.468903
112.133875 40.469336
112.149847 40.469769
112.165819 40.470202
112.181792 40.470635
112.197764 40.471068
112.201507 40.471170
112.213736 40.471502
112.229708 40.471935
112.240638 40.472231
112.244522 40.472337
112.244814 40.472344
112.260787 40.472777
112.276759 40.473210
112.280934 40.473323
112.293164 40.473655
112.309137 40.474088
112.321033 40.474411
112.324676 40.474510
112.340648 40.474943
112.356620 40.475376
112.372593 40.475809
112.388565 40.476242
112.404537 40.476675
112.420509 40.477108
112.424696 40.477222
112.436482 40.477542
112.452454 40.477975
112.468426 40.478408
112.480985 40.478748
112.484398 40.478841
112.484399 40.478841
112.484832 40.478853
112.487891 40.479568
112.498365 40.481749
112.507173 40.484352
112.513065 40.486093
112.527766 40.490437
112.542466 40.494781
112.557167 40.499125
112.558595 40.499547
112.571867 40.503468
112.586568 40.507812
112.601268 40.512156
112.603190 40.512724
112.605612 40.513440
112.620312 40.517784
112.635013 40.522128
112.635619 40.522307
112.639357 40.523411
112.654057 40.527755
112.668757 40.532099
112.673101 40.533383
112.677445 40.534666
112.682054 40.536028
112.687802 40.537726
112.702502 40.542070
112.706846 40.543354
112.721546 40.547698
112.736247 40.552042
112.740591 40.553325
112.755291 40.557669
112.769992 40.562013
112.784692 40.566357
112.789036 40.567640
112.803736 40.571984
112.818437 40.576328
112.822781 40.577612
112.837481 40.581956
112.852182 40.586300
112.856525 40.587583
112.859745 40.589233
112.865148 40.591328
112.872238 40.595633
112.872239 40.595634
112.883917 40.602725
112.891008 40.607032
112.893165 40.608342
112.902686 40.614123
112.905115 40.615598
112.907272 40.616908
112.914363 40.621215
112.921455 40.625521
112.923884 40.626996
112.933132 40.632613
112.951901 40.644011
112.963579 40.651102
112.970671 40.655408
112.982348 40.662500
112.989440 40.666806
112.991869 40.668281
112.994026 40.669591
113.001117 40.673898
113.012795 40.680989
113.031564 40.692387
113.038655 40.696694
113.040812 40.698004
113.050333 40.703785
113.062010 40.710877
113.069102 40.715183
113.080779 40.722274
113.092457 40.729366
113.099548 40.733672
113.111226 40.740764
113.117110 40.744337
113.120181 40.745102
113.127680 40.746970
113.142730 40.750720
113.157780 40.754469
113.159453 40.754886
113.168729 40.757198
113.176579 40.759153
113.176930 40.759240
113.191629 40.762903
113.198829 40.764697
113.206679 40.766652
113.207030 40.766739
113.214230 40.768533
113.233029 40.773217
113.239886 40.774925
113.240528 40.775085
113.240879 40.775172
113.255578 40.778835
113.262778 40.780629
113.270628 40.782584
113.285678 40.786334
113.293907 40.788384
113.297997 40.789403
113.300727 40.790083
113.315777 40.793833
113.319527 40.794767
113.334577 40.798516
113.348266 40.801927
113.349626 40.802266
113.364676 40.806016
113.379726 40.809765
113.386983 40.811573
113.383942 40.810815
113.380193 40.809881
113.365143 40.806132
113.304910 39.659115
113.300842 39.649930
113.294924 39.636567
113.292448 39.630976
113.292219 39.630459
113.286301 39.617096
113.285948 39.616298
113.289006 39.623204
113.283088 39.609841
113.280467 39.603923
113.274549 39.590560
113.268631 39.577196
113.262712 39.563833
113.265359 39.569808
113.263305 39.565171
113.261616 39.561357
113.260092 39.557915
113.254173 39.544552
113.248255 39.531189
113.245634 39.525271
113.239716 39.511908
113.233798 39.498545
113.231177 39.492627
113.225259 39.479264
113.222638 39.473346
113.216720 39.459983
113.214099 39.454065
113.208181 39.440701
113.205560 39.434783
113.199642 39.421420
113.197021 39.415502
113.191103 39.402139
113.176417 39.391411
113.171145 39.389425
113.157147 39.384153
113.143148 39.378881
113.137876 39.376896
113.125666 39.372297
113.122060 39.370939
113.121105 39.370579
113.118606 39.369638
113.104607 39.364366
113.090609 39.359094
113.076610 39.353823
113.071338 39.351837
113.057340 39.346565
113.043341 39.341293
113.024071 39.334036
113.025386 39.334531
113.022253 39.333351
113.008255 39.328079
112.994256 39.322807
112.992941 39.322312
112.996074 39.323492
112.990802 39.321506
112.976803 39.316234
112.962804 39.310962
112.948806 39.305690
112.943534 39.303705
112.948383 39.305531
112.941717 39.303020
112.927718 39.297748
112.922446 39.295763
112.889177 39.283233
112.885321 39.281781
112.882268 39.280631
112.868269 39.275359
112.862997 39.273374
112.848999 39.268102
112.835000 39.262830
112.829728 39.260844
112.815970 39.255663
112.504671 39.011883
112.501426 39.020336
112.506774 39.006405
112.512122 38.992474
112.517470 38.978543
112.522818 38.964612
112.526931 38.953897
112.527305 38.952924
112.529358 38.947576
112.534706 38.933645
112.540054 38.919714
112.545402 38.905784
112.550750 38.891853
112.556098 38.877922
112.560170 38.867314
112.561038 38.860790
112.563127 38.845084
112.565216 38.829378
112.567305 38.813672
112.571483 38.782259
112.573572 38.766553
112.575661 38.750847
112.577750 38.735141
112.579839 38.719435
112.580044 38.717891
112.579983 38.718352
112.580261 38.716263
112.582350 38.700556
112.580542 38.684293
112.577716 38.668826
112.578624 38.673795
112.572336 38.639378
112.569510 38.623910
112.563858 38.592975
112.561032 38.577507
112.558206 38.562039
112.555380 38.546572
112.554705 38.542876
112.555108 38.545084
112.552283 38.529616
112.549457 38.514148
112.546631 38.498681
112.544480 38.486909
112.544077 38.484701
112.541251 38.469233
112.537510 38.412587
112.537510 38.396603
112.537510 38.380619
112.537510 38.364635
112.537510 38.348651
112.537510 38.332667
112.537510 38.316683
112.537510 38.300699
112.537510 38.284715
112.536985 38.273947
112.535093 38.258191
112.533201 38.242434
112.531308 38.226677
112.531081 38.224785
112.529189 38.209028
112.527297 38.193271
112.525404 38.177515
112.523512 38.161758
112.521620 38.146001
112.521393 38.144109
112.519500 38.128352
112.517608 38.112595
112.515716 38.096838
112.515488 38.094946
112.513596 38.079189
112.511704 38.063433
112.511600 38.062567
112.504906 38.053960
112.497160 38.044001
112.491135 38.036254
112.483389 38.026295
112.482624 38.025311
112.478225 38.019655
112.470479 38.009696
112.464799 38.002393
112.463594 38.000844
112.455847 37.990884
112.442077 37.973179
112.428306 37.955473
112.422281 37.947727
112.421740 37.947032
112.421420 37.946620
112.409005 37.930657
112.414535 37.937768
112.408511 37.930022
112.400765 37.920062
112.394740 37.912316
112.380969 37.894611
112.394371 37.911842
112.393879 37.911209
112.380734 37.894309
112.373223 37.884651
112.367199 37.876905
112.359452 37.866946
112.353428 37.859200
112.345682 37.849241
112.352666 37.858220
112.352567 37.858093
112.344821 37.848133
112.338796 37.840387
112.331050 37.830428
112.324042 37.821418
112.324165 37.821576
112.316419 37.811616
112.308673 37.801657
112.300927 37.791698
112.293181 37.781738
112.281710 37.741259
112.281710 37.725275
112.281710 37.709291
112.281710 37.693307
112.281710 37.677323
112.281710 37.661339
112.281710 37.645355
112.281710 37.629371
112.281710 37.613387
112.281710 37.597403
112.252004 37.546550
112.240934 37.539174
112.233558 37.534260
112.222488 37.526885
112.211419 37.519509
112.204043 37.514595
112.192973 37.507219
112.185598 37.502305
112.174528 37.494929
112.156082 37.482639
112.145013 37.475264
112.137637 37.470350
112.126567 37.462974
112.115498 37.455598
112.108122 37.450684
112.097052 37.443309
112.078607 37.431019
112.067537 37.423643
112.060161 37.418729
112.041716 37.406439
112.030646 37.399063
112.024635 37.394968
112.014288 37.387331
112.006651 37.381694
111.996304 37.374057
111.985956 37.366420
111.978319 37.360783
111.967972 37.353146
111.960335 37.347510
111.949987 37.339873
111.942350 37.334236
111.932003 37.326599
111.924366 37.320962
111.914018 37.313325
111.908505 37.309256
111.893818 37.298416
111.884821 37.291776
111.878050 37.286778
111.878544 37.287143
111.861962 37.188026
111.858561 37.191866
111.865588 37.183933
111.873522 37.174976
111.880549 37.167042
111.887576 37.159109
111.895509 37.150152
111.902536 37.142218
111.917497 37.125328
111.924524 37.117394
111.932457 37.108437
111.927302 37.114258
111.927925 37.113554
111.942886 37.096664
111.946383 37.092716
111.939484 37.100504
111.946512 37.092570
111.949290 37.089434
111.949913 37.088730
111.955068 37.082909
111.954445 37.083613
111.957992 37.079608
111.964873 37.071840
111.972807 37.062883
111.976105 37.059160
111.976433 37.058789
111.981194 37.053413
111.988674 37.044969
111.996607 37.036012
112.004541 37.027055
112.006186 37.025198
112.006354 37.025008
112.012991 37.017514
112.020408 37.009141
112.028342 37.000184
112.029987 36.998327
112.028831 36.999632
112.030155 36.998137
112.038088 36.989180
112.038995 36.988157
112.046928 36.979200
112.048570 36.977346
111.627630 36.528587
111.624766 36.519408
111.620220 36.504843
111.618802 36.500298
111.614257 36.485732
111.609711 36.471166
111.608293 36.466621
111.603748 36.452055
111.599202 36.437490
111.593238 36.418379
111.587275 36.399268
111.582729 36.384702
111.580894 36.378822
111.580736 36.378316
111.578732 36.371893
111.579024 36.372829
111.578272 36.370417
111.576108 36.363486
111.572220 36.351026
111.567675 36.336460
111.566257 36.331915
111.564013 36.324723
111.559630 36.310680
111.558468 36.308758
111.555512 36.303868
111.561711 36.317349
111.555511 36.303865
111.553526 36.300581
111.551392 36.297051
111.547039 36.289851
111.544157 36.285082
111.541433 36.280576
111.540038 36.278268
111.534946 36.269846
111.537080 36.273376
111.530004 36.261669
111.525726 36.254593
111.518650 36.242886
111.514373 36.235810
111.509792 36.228232
111.505580 36.221265
111.503019 36.217027
111.495942 36.205321
111.498438 36.209449
111.494226 36.202482
111.491665 36.198244
111.484589 36.186538
111.473235 36.167755
111.473233 36.167751
111.472073 36.165833
111.465730 36.155340
111.463560 36.152684
111.459374 36.147559
111.459371 36.147555
111.456797 36.144405
111.455729 36.143097
111.449332 36.135266
111.441501 36.125679
111.435104 36.117848
111.431728 36.113716
111.430914 36.112719
111.416685 36.095301
111.402457 36.077883
111.388228 36.060464
111.380397 36.050878
111.374000 36.043046
111.366169 36.033460
111.359772 36.025628
111.351940 36.016041
111.345543 36.008210
111.337712 35.998623
111.331315 35.990792
111.321778 35.979927
111.314197 35.971946
111.306216 35.963543
111.298634 35.955562
111.290653 35.947159
111.283071 35.939178
111.275090 35.930775
111.267508 35.922794
111.259527 35.914391
111.251946 35.906410
111.244712 35.898794
111.241564 35.895480
111.238916 35.892693
111.243964 35.898007
111.236383 35.890026
111.229780 35.883075
111.226401 35.879517
111.218420 35.871115
111.210838 35.863133
111.202857 35.854730
111.198814 35.850474
111.197276 35.848855
111.181713 35.832471
111.175617 35.826054
111.171731 35.821962
111.164600 35.814455
111.155528 35.807339
111.143407 35.797831
111.144861 35.798972
111.137099 35.792883
111.127203 35.785121
111.127599 35.785431
111.120213 35.779638
111.110318 35.771876
111.102556 35.765788
111.097895 35.762132
111.101783 35.765182
111.091888 35.757420
111.084126 35.751332
111.078891 35.747226
111.075003 35.744176
111.067241 35.738087
111.061818 35.733834
111.074230 35.743570
111.056573 35.729719
111.038915 35.715869
111.035172 35.712933
111.031925 35.710386
111.022030 35.702624
111.007783 35.691449
111.011362 35.694257
111.003600 35.688168
110.993704 35.680406
110.985942 35.674318
110.976047 35.666556
110.958389 35.652705
110.948494 35.644943
110.940732 35.638855
110.930836 35.631093
110.923074 35.625004
110.913178 35.617242
110.890901 35.605306
110.871665 35.596169
110.858623 35.589975
110.852428 35.587032
110.839387 35.580838
110.845131 35.583566
110.834497 35.578515
110.821455 35.572320
110.815261 35.569378
110.802219 35.563183
110.799203 35.561751
110.794067 35.559311
110.781026 35.553117
110.774831 35.550174
110.761789 35.543980
110.748748 35.537785
110.742553 35.534843
110.729511 35.528648
110.710275 35.519511
110.707294 35.518095
110.698538 35.513936
110.691252 35.510475
110.697234 35.513317
110.691039 35.510374
110.677997 35.504180
110.658761 35.495043
110.645719 35.488848
110.641441 35.486816
110.633982 35.483273
110.620941 35.477078
110.614746 35.474136
110.601705 35.467941
110.569577 35.443088
110.571193 35.445128
110.565031 35.437349
110.567575 35.440561
110.563414 35.435307
110.555634 35.425485
110.553619 35.422941
110.557251 35.427527
110.551089 35.419747
110.544926 35.411967
110.537147 35.402146
110.530984 35.394366
110.523204 35.384545
110.517042 35.376765
110.509262 35.366943
110.503100 35.359163
110.498899 35.353860
110.492085 35.345258
110.485923 35.337478
110.481278 35.331615
110.482995 35.333782
110.476833 35.326003
110.469053 35.316181
110.463887 35.309660
110.456421 35.300234
110.450259 35.292454
110.442479 35.282633
110.438565 35.277691
110.441168 35.280978
110.435006 35.273198
110.427226 35.263377
110.421064 35.255597
110.413284 35.245776
110.413440 35.245974
110.406815 35.237608
110.400652 35.229829
110.397190 35.225458
110.392748 35.223925
110.387818 35.222223
110.373536 35.217293
110.359254 35.212362
110.354698 35.210790
110.350410 35.209310
110.350465 35.209329
110.340041 35.205730
110.339986 35.205711
110.336128 35.204379
110.331198 35.202678
110.316916 35.197747
110.311985 35.196046
110.297703 35.191115
110.292773 35.189413
110.278491 35.184483
110.273561 35.182781
110.259279 35.177851
110.254349 35.176149
110.240066 35.171219
110.235136 35.169517
110.220854 35.164587
110.215924 35.162885
110.201642 35.157955
110.187360 35.153025
110.182429 35.151323
110.168147 35.146393
110.163217 35.144691
110.148935 35.139761
110.144005 35.138059
110.129723 35.133129
110.115441 35.128199
110.110510 35.126497
110.093518 35.120631
110.096228 35.121567
110.081946 35.116636
110.067664 35.111706
110.062734 35.110004
110.048452 35.105074
110.034170 35.100144
110.029239 35.098442
110.014957 35.093512
110.000675 35.088582
109.995745 35.086880
109.981463 35.081950
109.967181 35.077020
109.952899 35.072089
109.947968 35.070388
109.933686 35.065457
109.919404 35.060527
109.900192 35.053895
109.885910 35.048965
109.871628 35.044035
109.848201 35.033761
109.841549 35.030199
109.829127 35.023547
109.816706 35.016895
109.810053 35.013332
109.797632 35.006680
109.785210 35.000028
109.778558 34.996465
109.766136 34.989813
109.753715 34.983161
109.741293 34.976509
109.734641 34.972947
109.722220 34.966294
109.709798 34.959642
109.697376 34.952990
109.678303 34.942776
109.665881 34.936124
109.653459 34.929471
109.641038 34.922819
109.634386 34.919257
109.634532 34.919335
109.627734 34.915694
109.615312 34.909042
109.608660 34.905480
109.603979 34.902974
109.609542 34.905953
109.597121 34.899300
109.584699 34.892648
109.578047 34.889086
109.565626 34.882434
109.553204 34.875782
109.540782 34.869129
109.528361 34.862477
109.521709 34.858915
109.510357 34.853795
109.494991 34.850714
109.479625 34.847633
109.461177 34.843934
109.445811 34.840853
109.447449 34.841181
109.436568 34.838999
109.421202 34.835918
109.405835 34.832837
109.402754 34.832219
109.387388 34.829138
109.372022 34.826057
109.356656 34.822976
109.338208 34.819277
109.322842 34.816196
109.307476 34.813115
109.289028 34.809416
109.273662 34.806335
109.273149 34.806232
109.267539 34.805107
109.252173 34.802026
109.236807 34.798945
109.233726 34.798327
109.218360 34.795246
109.202993 34.792165
109.187627 34.789084
109.184546 34.788466
109.169180 34.785385
109.153814 34.782304
109.138447 34.779223
109.123081 34.776142
109.120000 34.775524
109.104634 34.772443
109.089268 34.769362
109.073901 34.766281
109.070820 34.765663
109.055454 34.762582
109.040088 34.759501
109.024722 34.756420
109.009355 34.753339
108.990908 34.749640
108.975542 34.746559
108.960176 34.743478
108.944809 34.740397
108.929443 34.737316
108.926362 34.736698
108.910996 34.733617
108.895630 34.730536
108.880263 34.727455
108.864897 34.724373
108.849531 34.721292
108.846450 34.720675
108.831084 34.717594
108.815717 34.714512
108.802270 34.712426
108.786627 34.710116
108.770984 34.707806
108.755341 34.705496
108.739699 34.703185
108.721745 34.700534
108.706103 34.698224
108.690460 34.695914
108.674817 34.693603
108.659174 34.691293
108.627888 34.686673
108.612246 34.684362
108.596603 34.682052
108.580960 34.679742
108.565317 34.677432
108.561170 34.676820
108.563007 34.677091
108.547364 34.674780
108.537645 34.673345
108.534032 34.672811
108.531721 34.672470
108.516078 34.670160
108.500436 34.667850
108.484793 34.665539
108.453507 34.660919
108.437864 34.658609
108.433717 34.657997
108.419911 34.655957
108.404268 34.653647
108.388626 34.651337
108.372983 34.649027
108.357340 34.646717
108.355030 34.646375
108.339387 34.644065
108.323744 34.641755
108.308101 34.639445
108.292458 34.637135
108.276816 34.634824
108.261173 34.632514
108.245530 34.630204
108.229887 34.627894
108.214244 34.625583
108.204525 34.624148
108.200912 34.623614
108.200884 34.623610
108.198601 34.623273
108.185088 34.621371
108.169111 34.621706
108.184752 34.621378
108.184752 34.621378
108.168775 34.621713
108.152798 34.622049
108.137157 34.622378
108.121180 34.622713
108.105203 34.623049
108.089226 34.623385
108.073249 34.623720
108.057272 34.624056
108.041295 34.624392
108.025318 34.624727
108.009341 34.625063
107.993364 34.625399
107.977387 34.625734
107.961410 34.626070
107.945433 34.626406
107.929456 34.626742
107.913480 34.627077
107.897503 34.627413
107.881526 34.627749
107.865549 34.628084
107.849572 34.628420
107.833595 34.628756
107.817618 34.629091
107.801641 34.629427
107.785664 34.629763
107.769687 34.630098
107.753710 34.630434
107.737733 34.630770
107.721756 34.631105
107.705779 34.631441
107.689802 34.631777
107.687974 34.631815
107.674832 34.632091
107.660683 34.632389
107.673825 34.632113
107.657848 34.632448
107.641871 34.632784
107.640043 34.632822
107.626901 34.633098
107.612752 34.633396
107.609917 34.633455
107.609582 34.633462
107.593605 34.633798
107.591391 34.633845
107.578970 34.634105
107.565207 34.634394
107.577628 34.634134
107.561651 34.634469
107.545674 34.634805
107.529697 34.635141
107.513720 34.635476
107.497743 34.635812
107.481766 34.636148
107.466246 34.636495
107.450316 34.637430
107.434387 34.638364
107.418458 34.639299
107.402529 34.640233
107.386600 34.641168
107.370670 34.642102
107.354741 34.643037
107.338812 34.643971
107.322883 34.644906
107.306954 34.645841
107.291024 34.646775
107.275095 34.647710
107.259166 34.648644
107.243237 34.649579
107.227308 34.650513
107.211379 34.651448
107.212277 34.651395
107.200122 34.652108
107.199897 34.652121
107.195449 34.652382
107.179520 34.653317
107.163591 34.654251
107.147662 34.655186
107.148560 34.655133
107.136405 34.655846
107.120476 34.656781
107.120251 34.656794
107.115803 34.657055
107.099874 34.657990
107.083945 34.658924
107.068016 34.659859
107.067081 34.659914
107.051152 34.660848
107.035223 34.661783
107.019294 34.662717
107.003365 34.663652
106.987435 34.664586
106.971506 34.665521
106.955577 34.666455
106.951970 34.666667
106.867496 34.637034
106.867489 34.637049
106.865878 34.640269
106.864289 34.643444
106.857941 34.656133
106.857893 34.656229
106.857869 34.656277
106.854701 34.662609
106.852578 34.666852
106.848298 34.675409
106.845098 34.681805
106.838702 34.694589
106.835502 34.700985
106.829106 34.713769
106.825906 34.720165
106.819511 34.732949
106.816311 34.739345
106.809915 34.752129
106.806715 34.758525
106.800319 34.771309
106.797119 34.777705
106.790724 34.790489
106.784317 34.803294
106.781128 34.809669
106.750509 34.853688
106.742368 34.861679
106.734378 34.869522
106.726387 34.877366
106.718246 34.885356
106.710256 34.893199
106.702115 34.901190
106.694124 34.909033
106.686134 34.916877
106.677993 34.924867
106.670002 34.932710
106.661862 34.940701
106.653871 34.948544
106.645730 34.956535
106.637740 34.964378
106.629749 34.972222
106.621608 34.980212
106.613618 34.988055
106.605477 34.996046
106.597486 35.003889
106.589346 35.011880
106.581355 35.019723
106.573364 35.027567
106.565224 35.035557
106.557233 35.043400
106.549092 35.051391
106.541102 35.059234
106.532961 35.067225
106.524970 35.075068
106.516980 35.082911
106.508839 35.090902
106.500848 35.098745
106.492708 35.106736
106.484717 35.114579
106.476576 35.122570
106.468586 35.130413
106.466270 35.132686
106.464410 35.136836
106.455772 35.156112
106.449806 35.169423
106.447133 35.175388
106.441168 35.188699
106.438495 35.194664
106.432530 35.207975
106.426977 35.220364
106.426564 35.221286
106.423891 35.227251
106.417926 35.240562
106.415253 35.246527
106.409288 35.259838
106.404933 35.269553
106.403322 35.273148
106.397357 35.286459
106.391392 35.299770
106.390725 35.301258
106.385427 35.313081
106.382754 35.319046
106.379205 35.326964
106.376788 35.332356
106.370823 35.345667
106.364858 35.358978
106.358893 35.372289
106.352928 35.385599
106.351858 35.387987
106.346963 35.398910
106.340998 35.412221
106.339358 35.415879
106.335032 35.425532
106.329067 35.438842
106.329067 35.438843
106.327040 35.455544
106.327040 35.471528
106.327040 35.487512
106.327040 35.503497
106.327040 35.519481
106.327040 35.535465
106.327040 35.551449
106.327040 35.567433
106.327040 35.583417
106.327040 35.599401
106.327040 35.615385
106.327040 35.631369
106.327040 35.647353
106.327040 35.663337
106.327040 35.679321
106.318634 35.719210
106.313727 35.726582
106.306354 35.737660
106.298981 35.748737
106.291609 35.759813
106.286702 35.767186
106.279329 35.778263
106.271956 35.789340
106.267049 35.796713
106.259677 35.807789
106.247397 35.826239
106.235117 35.844689
106.227745 35.855765
106.226651 35.857408
106.215465 35.874215
106.208092 35.885292
106.203185 35.892664
106.195813 35.903741
106.190905 35.911114
106.183533 35.922191
106.183100 35.922841
106.171253 35.940640
106.166346 35.948013
106.164182 35.950370
106.159274 35.957123
106.150664 35.965091
106.142695 35.972465
106.126117 35.987807
106.125542 35.988339
106.117507 35.995775
106.109539 36.003148
106.101571 36.010522
106.093603 36.017896
106.084992 36.025864
106.083876 36.026897
106.076382 36.033832
106.069530 36.040172
106.069056 36.040611
106.061088 36.047985
106.053120 36.055358
106.039253 36.085418
106.035283 36.100346
106.033651 36.106482
106.033171 36.108286
106.029201 36.123215
106.025806 36.135977
106.023372 36.145130
106.019402 36.160059
106.015432 36.174987
106.014616 36.178055
106.011461 36.189915
106.011221 36.190817
106.007491 36.204843
106.008547 36.200873
106.004577 36.215801
106.000000 36.254745
106.000000 36.270729
106.000000 36.286713
106.000000 36.302697
106.000000 36.318681
106.000000 36.334665
106.000000 36.350649
106.000000 36.366633
106.000000 36.382617
106.000000 36.398601
106.000000 36.414585
106.000000 36.430569
106.000000 36.446553
106.000757 36.472718
106.001515 36.479429
106.002541 36.488506
106.004324 36.504288
106.005148 36.511582
106.005906 36.518288
106.007689 36.534070
106.009472 36.549853
106.010454 36.558543
106.011457 36.567418
106.011255 36.565635
106.013038 36.581418
106.014821 36.597200
106.016605 36.612983
106.016403 36.611200
106.018186 36.626982
106.019969 36.642765
106.021753 36.658547
106.022670 36.666667
106.018839 36.678516
106.016815 36.684777
106.012648 36.697666
106.010482 36.704364
106.007969 36.712138
106.006456 36.716816
106.004927 36.721548
106.001778 36.731288
105.997099 36.745759
105.995586 36.750438
105.990907 36.764909
105.984716 36.784059
105.980037 36.798530
105.966032 36.831543
105.957199 36.850806
105.951143 36.864013
105.945087 36.877220
105.942310 36.883276
105.936254 36.896483
105.927421 36.915747
105.921365 36.928954
105.915309 36.942161
105.906476 36.961424
105.899926 36.974444
105.896667 36.980883
105.890227 36.993608
105.883787 37.006333
105.880528 37.012773
105.874089 37.025498
105.872259 37.029113
105.870830 37.031938
105.861131 37.051103
105.854691 37.063828
105.848251 37.076553
105.842445 37.088025
105.841811 37.089278
105.841099 37.090685
105.830350 37.111924
105.822414 37.127607
105.815974 37.140332
105.806043 37.153649
105.805641 37.154032
105.802389 37.157127
105.798061 37.161247
105.791938 37.167075
105.789675 37.169229
105.773307 37.184810
105.756939 37.200390
105.740570 37.215970
105.724202 37.231551
105.721939 37.233705
105.716220 37.239149
105.711488 37.243653
105.707834 37.247131
105.707566 37.247320
105.689562 37.260041
105.683406 37.262936
105.670317 37.269092
105.667842 37.270256
105.664161 37.271988
105.651072 37.278144
105.644076 37.281434
105.638761 37.283934
105.632605 37.286830
105.626878 37.289523
105.618739 37.293351
105.605650 37.299507
105.592562 37.305663
105.592109 37.305876
105.586406 37.308558
105.573317 37.314714
105.560228 37.320870
105.555581 37.323056
105.547140 37.327026
105.547138 37.327027
105.528534 37.332504
105.520350 37.334913
105.512454 37.335845
105.504586 37.336774
105.489272 37.338583
105.488822 37.338636
105.486960 37.338856
105.471196 37.340717
105.462264 37.341771
105.457955 37.342280
105.461889 37.341816
105.533730 37.441208
105.537280 37.443202
105.542850 37.446332
105.547928 37.449184
105.554238 37.452729
105.556255 37.453862
105.558973 37.455389
105.566903 37.459844
105.573763 37.463698
105.575230 37.464522
105.587379 37.471347
105.589020 37.472269
105.598028 37.477329
105.606100 37.481864
105.610177 37.484155
