101.000 32.000 27.182
101.500 32.000 26.831
102.000 32.000 25.602
102.500 32.000 26.728
103.000 32.000 26.307
103.500 32.000 24.017
104.000 32.000 22.965
104.500 32.000 31.746
105.000 32.000 30.584
105.500 32.000 31.106
106.000 32.000 33.363
106.500 32.000 30.834
107.000 32.000 33.191
107.500 32.000 33.029
108.000 32.000 34.292
108.500 32.000 32.544
109.000 32.000 32.373
109.500 32.000 34.025
110.000 32.000 28.980
110.500 32.000 28.438
111.000 32.000 23.307
111.500 32.000 26.845
112.000 32.000 24.406
112.500 32.000 23.845
113.000 32.000 27.221
113.500 32.000 26.772
114.000 32.000 26.693
114.500 32.000 25.426
115.000 32.000 31.242
115.500 32.000 29.027
116.000 32.000 30.587
116.500 32.000 29.803
117.000 32.000 31.063
101.000 32.500 25.851
101.500 32.500 23.997
102.000 32.500 25.169
102.500 32.500 24.799
103.000 32.500 24.498
103.500 32.500 22.596
104.000 32.500 22.784
104.500 32.500 24.171
105.000 32.500 32.667
105.500 32.500 34.834
106.000 32.500 36.251
106.500 32.500 35.596
107.000 32.500 35.840
107.500 32.500 33.744
108.000 32.500 33.378
108.500 32.500 34.558
109.000 32.500 32.002
109.500 32.500 31.931
110.000 32.500 25.158
110.500 32.500 26.637
111.000 32.500 25.917
111.500 32.500 28.086
112.000 32.500 28.786
112.500 32.500 27.150
113.000 32.500 25.621
113.500 32.500 26.825
114.000 32.500 28.472
114.500 32.500 28.305
115.000 32.500 32.347
115.500 32.500 29.689
116.000 32.500 31.363
116.500 32.500 31.239
117.000 32.500 31.488
101.000 33.000 18.030
101.500 33.000 23.751
102.000 33.000 21.813
102.500 33.000 24.910
103.000 33.000 26.628
103.500 33.000 24.384
104.000 33.000 24.856
104.500 33.000 23.049
105.000 33.000 31.427
105.500 33.000 27.737
106.000 33.000 32.324
106.500 33.000 32.661
107.000 33.000 31.426
107.500 33.000 31.174
108.000 33.000 30.843
108.500 33.000 25.771
109.000 33.000 24.689
109.500 33.000 25.248
110.000 33.000 24.955
110.500 33.000 26.734
111.000 33.000 27.913
111.500 33.000 28.041
112.000 33.000 28.518
112.500 33.000 29.054
113.000 33.000 27.168
113.500 33.000 24.189
114.000 33.000 29.062
114.500 33.000 28.700
115.000 33.000 30.899
115.500 33.000 29.969
116.000 33.000 30.953
116.500 33.000 30.409
117.000 33.000 29.235
101.000 33.500 24.002
101.500 33.500 23.407
102.000 33.500 22.027
102.500 33.500 22.696
103.000 33.500 23.795
103.500 33.500 21.089
104.000 33.500 22.008
104.500 33.500 24.959
105.000 33.500 25.093
105.500 33.500 24.123
106.000 33.500 29.703
106.500 33.500 27.427
107.000 33.500 27.143
107.500 33.500 24.726
108.000 33.500 25.268
108.500 33.500 23.535
109.000 33.500 25.290
109.500 33.500 25.420
110.000 33.500 25.700
110.500 33.500 25.451
111.000 33.500 25.718
111.500 33.500 24.752
112.000 33.500 23.713
112.500 33.500 27.134
113.000 33.500 27.901
113.500 33.500 27.795
114.000 33.500 29.379
114.500 33.500 29.556
115.000 33.500 30.578
115.500 33.500 30.253
116.000 33.500 31.893
116.500 33.500 30.689
117.000 33.500 28.804
101.000 34.000 23.356
101.500 34.000 22.654
102.000 34.000 24.572
102.500 34.000 24.646
103.000 34.000 23.037
103.500 34.000 22.104
104.000 34.000 23.385
104.500 34.000 23.409
105.000 34.000 25.891
105.500 34.000 25.824
106.000 34.000 28.271
106.500 34.000 27.803
107.000 34.000 27.607
107.500 34.000 24.666
108.000 34.000 24.294
108.500 34.000 23.925
109.000 34.000 22.804
109.500 34.000 27.344
110.000 34.000 26.170
110.500 34.000 29.105
111.000 34.000 28.573
111.500 34.000 29.376
112.000 34.000 28.818
112.500 34.000 26.449
113.000 34.000 27.292
113.500 34.000 28.339
114.000 34.000 29.233
114.500 34.000 30.170
115.000 34.000 31.301
115.500 34.000 31.063
116.000 34.000 32.648
116.500 34.000 30.011
117.000 34.000 27.642
101.000 34.500 24.022
101.500 34.500 23.590
102.000 34.500 21.025
102.500 34.500 23.695
103.000 34.500 23.272
103.500 34.500 23.263
104.000 34.500 24.670
104.500 34.500 23.440
105.000 34.500 24.085
105.500 34.500 24.634
106.000 34.500 29.109
106.500 34.500 30.066
107.000 34.500 29.953
107.500 34.500 28.877
108.000 34.500 28.103
108.500 34.500 27.822
109.000 34.500 27.977
109.500 34.500 26.989
110.000 34.500 27.471
110.500 34.500 28.987
111.000 34.500 29.118
111.500 34.500 29.343
112.000 34.500 30.452
112.500 34.500 28.254
113.000 34.500 28.952
113.500 34.500 29.002
114.000 34.500 29.820
114.500 34.500 31.134
115.000 34.500 30.418
115.500 34.500 29.623
116.000 34.500 31.518
116.500 34.500 31.104
117.000 34.500 29.282
101.000 35.000 24.845
101.500 35.000 24.201
102.000 35.000 23.827
102.500 35.000 25.639
103.000 35.000 24.335
103.500 35.000 21.361
104.000 35.000 25.012
104.500 35.000 24.945
105.000 35.000 25.348
105.500 35.000 29.621
106.000 35.000 28.999
106.500 35.000 28.603
107.000 35.000 29.392
107.500 35.000 30.367
108.000 35.000 29.305
108.500 35.000 28.546
109.000 35.000 27.275
109.500 35.000 32.125
110.000 35.000 27.019
110.500 35.000 29.342
111.000 35.000 28.056
111.500 35.000 28.721
112.000 35.000 28.599
112.500 35.000 28.271
113.000 35.000 29.266
113.500 35.000 28.752
114.000 35.000 30.238
114.500 35.000 29.409
115.000 35.000 29.319
115.500 35.000 32.479
116.000 35.000 31.596
116.500 35.000 30.691
117.000 35.000 29.296
101.000 35.500 25.758
101.500 35.500 24.093
102.000 35.500 22.706
102.500 35.500 26.720
103.000 35.500 24.200
103.500 35.500 24.755
104.000 35.500 26.250
104.500 35.500 25.348
105.000 35.500 23.481
105.500 35.500 26.442
106.000 35.500 27.731
106.500 35.500 29.371
107.000 35.500 32.270
107.500 35.500 32.792
108.000 35.500 29.699
108.500 35.500 30.924
109.000 35.500 28.008
109.500 35.500 29.714
110.000 35.500 31.191
110.500 35.500 32.316
111.000 35.500 31.616
111.500 35.500 31.173
112.000 35.500 28.209
112.500 35.500 27.838
113.000 35.500 29.520
113.500 35.500 29.382
114.000 35.500 30.505
114.500 35.500 30.348
115.000 35.500 29.503
115.500 35.500 30.408
116.000 35.500 31.427
116.500 35.500 29.034
117.000 35.500 27.404
101.000 36.000 23.468
101.500 36.000 24.002
102.000 36.000 24.859
102.500 36.000 27.249
103.000 36.000 24.883
103.500 36.000 24.309
104.000 36.000 24.783
104.500 36.000 27.268
105.000 36.000 25.937
105.500 36.000 29.214
106.000 36.000 28.987
106.500 36.000 31.902
107.000 36.000 35.688
107.500 36.000 34.847
108.000 36.000 30.183
108.500 36.000 32.512
109.000 36.000 27.559
109.500 36.000 29.455
110.000 36.000 30.955
110.500 36.000 33.037
111.000 36.000 32.526
111.500 36.000 28.443
112.000 36.000 30.842
112.500 36.000 30.161
113.000 36.000 33.351
113.500 36.000 28.281
114.000 36.000 32.975
114.500 36.000 32.156
115.000 36.000 30.640
115.500 36.000 29.798
116.000 36.000 30.666
116.500 36.000 30.572
117.000 36.000 33.378
101.000 36.500 24.343
101.500 36.500 27.632
102.000 36.500 27.548
102.500 36.500 26.068
103.000 36.500 24.575
103.500 36.500 22.469
104.000 36.500 24.760
104.500 36.500 26.914
105.000 36.500 26.271
105.500 36.500 27.242
106.000 36.500 27.786
106.500 36.500 31.734
107.000 36.500 35.483
107.500 36.500 37.480
108.000 36.500 32.347
108.500 36.500 31.648
109.000 36.500 32.060
109.500 36.500 25.555
110.000 36.500 28.162
110.500 36.500 32.119
111.000 36.500 35.719
111.500 36.500 31.813
112.000 36.500 33.594
112.500 36.500 33.381
113.000 36.500 31.594
113.500 36.500 31.325
114.000 36.500 32.748
114.500 36.500 32.979
115.000 36.500 33.172
115.500 36.500 30.988
116.000 36.500 30.827
116.500 36.500 31.421
117.000 36.500 32.401
101.000 37.000 24.730
101.500 37.000 26.880
102.000 37.000 26.996
102.500 37.000 27.012
103.000 37.000 23.637
103.500 37.000 23.467
104.000 37.000 23.751
104.500 37.000 27.045
105.000 37.000 26.981
105.500 37.000 28.721
106.000 37.000 31.890
106.500 37.000 30.796
107.000 37.000 35.381
107.500 37.000 36.883
108.000 37.000 33.112
108.500 37.000 33.403
109.000 37.000 27.732
109.500 37.000 30.366
110.000 37.000 30.632
110.500 37.000 32.373
111.000 37.000 34.050
111.500 37.000 32.621
112.000 37.000 30.094
112.500 37.000 28.476
113.000 37.000 27.764
113.500 37.000 25.563
114.000 37.000 29.878
114.500 37.000 31.074
115.000 37.000 30.376
115.500 37.000 31.344
116.000 37.000 29.077
116.500 37.000 31.919
117.000 37.000 33.224
101.000 37.500 25.548
101.500 37.500 26.113
102.000 37.500 25.793
102.500 37.500 26.282
103.000 37.500 23.946
103.500 37.500 23.729
104.000 37.500 25.532
104.500 37.500 32.279
105.000 37.500 32.688
105.500 37.500 31.193
106.000 37.500 31.411
106.500 37.500 34.761
107.000 37.500 30.944
107.500 37.500 32.209
108.000 37.500 28.935
108.500 37.500 31.412
109.000 37.500 35.420
109.500 37.500 33.398
110.000 37.500 31.066
110.500 37.500 31.574
111.000 37.500 31.842
111.500 37.500 34.228
112.000 37.500 30.809
112.500 37.500 28.107
113.000 37.500 31.765
113.500 37.500 25.864
114.000 37.500 31.544
114.500 37.500 31.757
115.000 37.500 30.291
115.500 37.500 30.067
116.000 37.500 28.985
116.500 37.500 31.631
117.000 37.500 32.499
101.000 38.000 24.489
101.500 38.000 26.143
102.000 38.000 27.169
102.500 38.000 31.721
103.000 38.000 32.273
103.500 38.000 34.160
104.000 38.000 31.832
104.500 38.000 30.211
105.000 38.000 29.437
105.500 38.000 28.237
106.000 38.000 33.096
106.500 38.000 32.807
107.000 38.000 36.177
107.500 38.000 36.203
108.000 38.000 37.217
108.500 38.000 31.098
109.000 38.000 33.731
109.500 38.000 32.552
110.000 38.000 35.687
110.500 38.000 33.692
111.000 38.000 27.581
111.500 38.000 29.295
112.000 38.000 29.343
112.500 38.000 28.672
113.000 38.000 29.880
113.500 38.000 27.624
114.000 38.000 23.052
114.500 38.000 27.207
115.000 38.000 29.826
115.500 38.000 31.928
116.000 38.000 29.632
116.500 38.000 31.186
117.000 38.000 33.470
101.000 38.500 29.647
101.500 38.500 32.473
102.000 38.500 32.709
102.500 38.500 34.686
103.000 38.500 33.752
103.500 38.500 34.496
104.000 38.500 31.365
104.500 38.500 32.927
105.000 38.500 32.694
105.500 38.500 31.283
106.000 38.500 32.696
106.500 38.500 30.765
107.000 38.500 34.237
107.500 38.500 35.820
108.000 38.500 30.227
108.500 38.500 33.461
109.000 38.500 27.045
109.500 38.500 33.934
110.000 38.500 35.051
110.500 38.500 32.650
111.000 38.500 28.314
111.500 38.500 30.671
112.000 38.500 30.055
112.500 38.500 30.168
113.000 38.500 28.658
113.500 38.500 32.669
114.000 38.500 28.525
114.500 38.500 27.155
115.000 38.500 28.243
115.500 38.500 29.426
116.000 38.500 28.954
116.500 38.500 31.839
117.000 38.500 33.263
101.000 39.000 30.441
101.500 39.000 34.403
102.000 39.000 30.970
102.500 39.000 34.229
103.000 39.000 33.460
103.500 39.000 34.370
104.000 39.000 33.880
104.500 39.000 34.318
105.000 39.000 35.067
105.500 39.000 29.799
106.000 39.000 36.417
106.500 39.000 30.551
107.000 39.000 30.155
107.500 39.000 27.353
108.000 39.000 31.459
108.500 39.000 33.333
109.000 39.000 26.589
109.500 39.000 32.175
110.000 39.000 32.076
110.500 39.000 28.037
111.000 39.000 28.169
111.500 39.000 29.502
112.000 39.000 30.545
112.500 39.000 30.870
113.000 39.000 28.370
113.500 39.000 28.531
114.000 39.000 26.512
114.500 39.000 29.675
115.000 39.000 29.612
115.500 39.000 26.836
116.000 39.000 27.315
116.500 39.000 29.359
117.000 39.000 29.805
101.000 39.500 31.159
101.500 39.500 32.649
102.000 39.500 31.156
102.500 39.500 31.953
103.000 39.500 31.649
103.500 39.500 32.966
104.000 39.500 34.783
104.500 39.500 34.021
105.000 39.500 35.784
105.500 39.500 32.284
106.000 39.500 34.099
106.500 39.500 32.341
107.000 39.500 30.648
107.500 39.500 27.188
108.000 39.500 33.126
108.500 39.500 35.678
109.000 39.500 30.880
109.500 39.500 31.162
110.000 39.500 33.122
110.500 39.500 32.749
111.000 39.500 27.849
111.500 39.500 29.819
112.000 39.500 29.280
112.500 39.500 28.139
113.000 39.500 28.628
113.500 39.500 27.771
114.000 39.500 25.897
114.500 39.500 30.289
115.000 39.500 31.212
115.500 39.500 26.499
116.000 39.500 26.222
116.500 39.500 24.590
117.000 39.500 26.505
101.000 40.000 30.800
101.500 40.000 33.303
102.000 40.000 31.926
102.500 40.000 30.261
103.000 40.000 32.894
103.500 40.000 34.626
104.000 40.000 31.795
104.500 40.000 34.796
105.000 40.000 34.052
105.500 40.000 33.090
106.000 40.000 34.216
106.500 40.000 33.562
107.000 40.000 36.695
107.500 40.000 31.912
108.000 40.000 32.695
108.500 40.000 35.403
109.000 40.000 30.222
109.500 40.000 29.747
110.000 40.000 30.001
110.500 40.000 28.945
111.000 40.000 29.308
111.500 40.000 30.276
112.000 40.000 29.267
112.500 40.000 27.213
113.000 40.000 31.698
113.500 40.000 28.851
114.000 40.000 27.007
114.500 40.000 30.028
115.000 40.000 29.752
115.500 40.000 28.552
116.000 40.000 31.336
116.500 40.000 24.428
117.000 40.000 26.857
101.000 40.500 32.321
101.500 40.500 33.408
102.000 40.500 31.771
102.500 40.500 30.866
103.000 40.500 29.525
103.500 40.500 32.729
104.000 40.500 33.247
104.500 40.500 34.901
105.000 40.500 34.360
105.500 40.500 34.919
106.000 40.500 33.357
106.500 40.500 32.648
107.000 40.500 33.930
107.500 40.500 31.875
108.000 40.500 31.393
108.500 40.500 33.262
109.000 40.500 31.285
109.500 40.500 28.913
110.000 40.500 32.404
110.500 40.500 30.196
111.000 40.500 30.584
111.500 40.500 33.099
112.000 40.500 30.627
112.500 40.500 30.077
113.000 40.500 28.462
113.500 40.500 29.624
114.000 40.500 29.228
114.500 40.500 26.435
115.000 40.500 28.385
115.500 40.500 27.877
116.000 40.500 27.787
116.500 40.500 28.645
117.000 40.500 29.068
101.000 41.000 31.035
101.500 41.000 27.006
102.000 41.000 28.179
102.500 41.000 31.513
103.000 41.000 28.529
103.500 41.000 28.976
104.000 41.000 30.676
104.500 41.000 28.146
105.000 41.000 29.373
105.500 41.000 30.903
106.000 41.000 31.108
106.500 41.000 31.451
107.000 41.000 32.215
107.500 41.000 30.836
108.000 41.000 29.777
108.500 41.000 31.572
109.000 41.000 27.297
109.500 41.000 27.382
110.000 41.000 29.224
110.500 41.000 26.331
111.000 41.000 29.360
111.500 41.000 31.994
112.000 41.000 31.432
112.500 41.000 30.156
113.000 41.000 33.410
113.500 41.000 29.718
114.000 41.000 27.642
114.500 41.000 24.576
115.000 41.000 30.870
115.500 41.000 27.096
116.000 41.000 30.189
116.500 41.000 26.625
117.000 41.000 24.165
101.000 41.500 36.194
101.500 41.500 32.779
102.000 41.500 30.438
102.500 41.500 31.283
103.000 41.500 29.844
103.500 41.500 27.987
104.000 41.500 28.128
104.500 41.500 28.816
105.000 41.500 29.694
105.500 41.500 32.429
106.000 41.500 31.446
106.500 41.500 29.192
107.000 41.500 30.905
107.500 41.500 31.236
108.000 41.500 31.328
108.500 41.500 31.498
109.000 41.500 29.194
109.500 41.500 28.133
110.000 41.500 27.364
110.500 41.500 28.717
111.000 41.500 28.078
111.500 41.500 32.715
112.000 41.500 29.180
112.500 41.500 29.380
113.000 41.500 33.109
113.500 41.500 29.399
114.000 41.500 29.220
114.500 41.500 27.849
115.000 41.500 33.094
115.500 41.500 29.062
116.000 41.500 28.160
116.500 41.500 27.288
117.000 41.500 27.968
101.000 42.000 32.475
101.500 42.000 29.805
102.000 42.000 27.165
102.500 42.000 28.953
103.000 42.000 31.604
103.500 42.000 32.138
104.000 42.000 31.999
104.500 42.000 33.452
105.000 42.000 31.038
105.500 42.000 32.418
106.000 42.000 29.662
106.500 42.000 26.412
107.000 42.000 29.176
107.500 42.000 29.947
108.000 42.000 29.964
108.500 42.000 30.650
109.000 42.000 27.373
109.500 42.000 28.510
110.000 42.000 28.603
110.500 42.000 32.453
111.000 42.000 31.099
111.500 42.000 31.760
112.000 42.000 31.007
112.500 42.000 28.121
113.000 42.000 31.446
113.500 42.000 33.624
114.000 42.000 33.690
114.500 42.000 31.282
115.000 42.000 30.085
115.500 42.000 26.429
116.000 42.000 25.875
116.500 42.000 26.966
117.000 42.000 26.938
